% Number of threads = 4

% number of repeats:% 3
% enter first, last, inc:% 48 1488 48 
data = [
%  n          reference      |         current implementation 
%        time       GFLOPS   |    time       GFLOPS     diff 
  1488 2.7605e-02 2.3870e+02    1.6189e-01 4.0702e+01 2.1600e-12
  1440 2.4141e-02 2.4738e+02    1.4172e-01 4.2139e+01 2.1032e-12
  1392 2.2043e-02 2.4472e+02    1.1345e-01 4.7550e+01 1.9327e-12
  1344 1.9869e-02 2.4438e+02    1.0132e-01 4.7921e+01 1.7621e-12
  1296 1.7522e-02 2.4846e+02    9.8061e-02 4.4397e+01 1.8758e-12
  1248 1.4940e-02 2.6021e+02    8.5021e-02 4.5725e+01 1.5916e-12
  1200 1.3030e-02 2.6524e+02    7.4468e-02 4.6409e+01 1.5348e-12
  1152 1.1627e-02 2.6298e+02    6.2790e-02 4.8697e+01 1.4211e-12
  1104 1.0492e-02 2.5648e+02    5.7048e-02 4.7173e+01 1.3074e-12
  1056 9.0812e-03 2.5934e+02    4.9611e-02 4.7473e+01 1.1937e-12
  1008 7.9222e-03 2.5856e+02    4.3501e-02 4.7088e+01 1.0232e-12
   960 7.5829e-03 2.3335e+02    3.7448e-02 4.7252e+01 9.9476e-13
   912 6.0396e-03 2.5119e+02    3.1986e-02 4.7430e+01 1.0800e-12
   864 5.2965e-03 2.4355e+02    2.8031e-02 4.6018e+01 8.5265e-13
   816 4.1773e-03 2.6014e+02    2.3761e-02 4.5734e+01 7.9581e-13
   768 3.4525e-03 2.6241e+02    1.9765e-02 4.5837e+01 7.3896e-13
   720 2.8951e-03 2.5785e+02    1.5805e-02 4.7232e+01 6.8212e-13
   672 2.3717e-03 2.5591e+02    1.2512e-02 4.8506e+01 5.9686e-13
   624 1.8927e-03 2.5675e+02    1.0259e-02 4.7365e+01 5.4001e-13
   576 1.5749e-03 2.4269e+02    7.7161e-03 4.9534e+01 4.8317e-13
   528 1.2604e-03 2.3358e+02    5.8714e-03 5.0140e+01 4.2633e-13
   480 9.8369e-04 2.2485e+02    4.5090e-03 4.9053e+01 3.1264e-13
   432 7.3493e-04 2.1940e+02    3.1841e-03 5.0639e+01 2.7001e-13
   384 5.5558e-04 2.0383e+02    2.3718e-03 4.7747e+01 2.2737e-13
   336 3.3680e-04 2.2526e+02    1.4610e-03 5.1926e+01 1.7053e-13
   288 2.1838e-04 2.1877e+02    9.4887e-04 5.0350e+01 1.1369e-13
   240 1.3634e-04 2.0278e+02    5.3190e-04 5.1979e+01 4.2633e-14
   192 7.5142e-05 1.8839e+02    2.7347e-04 5.1763e+01 3.5527e-14
   144 4.1706e-05 1.4319e+02    1.1656e-04 5.1234e+01 2.8422e-14
    96 2.3852e-05 7.4185e+01    4.3460e-05 4.0715e+01 1.4211e-14
    48 1.5296e-05 1.4460e+01    1.0986e-05 2.0133e+01 7.1054e-15
];

% Maximum difference between reference and your implementation: 2.160050e-12.
