% Number of threads = 4

% number of repeats:% 3
% enter first, last, inc:% 48 1488 48 
data = [
%  n          reference      |         current implementation 
%        time       GFLOPS   |    time       GFLOPS     diff 
  1488 2.5656e-02 2.5683e+02    5.0674e-01 1.3003e+01 2.1600e-12
  1440 2.2653e-02 2.6363e+02    4.8365e-01 1.2348e+01 2.1032e-12
  1392 2.0460e-02 2.6365e+02    3.9079e-01 1.3804e+01 1.9327e-12
  1344 1.8336e-02 2.6480e+02    3.7289e-01 1.3021e+01 1.7621e-12
  1296 1.6100e-02 2.7040e+02    3.0349e-01 1.4345e+01 1.8758e-12
  1248 1.4473e-02 2.6861e+02    2.8831e-01 1.3484e+01 1.5916e-12
  1200 1.3428e-02 2.5737e+02    2.5655e-01 1.3471e+01 1.5348e-12
  1152 1.1483e-02 2.6627e+02    2.5915e-01 1.1799e+01 1.4211e-12
  1104 1.0238e-02 2.6287e+02    1.9978e-01 1.3471e+01 1.3074e-12
  1056 8.9757e-03 2.6239e+02    1.8624e-01 1.2646e+01 1.1937e-12
  1008 7.7641e-03 2.6383e+02    1.4368e-01 1.4257e+01 1.0232e-12
   960 7.0881e-03 2.4964e+02    1.3352e-01 1.3253e+01 9.9476e-13
   912 5.7333e-03 2.6461e+02    1.0892e-01 1.3928e+01 1.0800e-12
   864 4.9523e-03 2.6047e+02    9.8810e-02 1.3055e+01 8.5265e-13
   816 4.1768e-03 2.6017e+02    7.8121e-02 1.3910e+01 7.9581e-13
   768 3.5044e-03 2.5852e+02    8.8829e-02 1.0199e+01 7.3896e-13
   720 2.8385e-03 2.6299e+02    5.3774e-02 1.3882e+01 6.8212e-13
   672 2.3330e-03 2.6015e+02    4.6089e-02 1.3169e+01 5.9686e-13
   624 1.9750e-03 2.4604e+02    3.4561e-02 1.4060e+01 5.4001e-13
   576 1.6606e-03 2.3017e+02    2.9155e-02 1.3110e+01 4.8317e-13
   528 1.2996e-03 2.2653e+02    2.0622e-02 1.4276e+01 4.2633e-13
   480 9.9581e-04 2.2211e+02    1.6274e-02 1.3591e+01 3.1264e-13
   432 6.7074e-04 2.4040e+02    1.0952e-02 1.4722e+01 2.7001e-13
   384 5.9376e-04 1.9073e+02    8.5735e-03 1.3209e+01 2.2737e-13
   336 3.4671e-04 2.1882e+02    4.3261e-03 1.7537e+01 1.7053e-13
   288 2.2878e-04 2.0883e+02    3.4456e-03 1.3866e+01 1.1369e-13
   240 1.3917e-04 1.9867e+02    1.5389e-03 1.7966e+01 4.2633e-14
   192 9.6815e-05 1.4621e+02    1.0166e-03 1.3925e+01 3.5527e-14
   144 5.3231e-05 1.1219e+02    2.9063e-04 2.0548e+01 2.8422e-14
    96 2.4473e-05 7.2303e+01    8.7909e-05 2.0128e+01 1.4211e-14
    48 1.6584e-05 1.3337e+01    1.3754e-05 1.6081e+01 7.1054e-15
];

% Maximum difference between reference and your implementation: 2.160050e-12.
