% Number of threads = 4

% number of repeats:% 3
% enter first, last, inc:% 48 1488 48 
data = [
%  n          reference      |         current implementation 
%        time       GFLOPS   |    time       GFLOPS     diff 
  1488 2.8556e-02 2.3075e+02    1.7362e-01 3.7953e+01 2.1600e-12
  1440 2.2841e-02 2.6146e+02    1.5017e-01 3.9768e+01 2.1032e-12
  1392 2.0799e-02 2.5936e+02    1.3826e-01 3.9015e+01 1.9327e-12
  1344 1.8093e-02 2.6836e+02    1.2252e-01 3.9630e+01 1.7621e-12
  1296 1.6663e-02 2.6127e+02    1.1521e-01 3.7789e+01 1.8190e-12
  1248 1.4705e-02 2.6437e+02    8.8748e-02 4.3804e+01 1.6485e-12
  1200 1.3518e-02 2.5566e+02    8.5405e-02 4.0466e+01 1.5348e-12
  1152 1.1607e-02 2.6342e+02    7.6603e-02 3.9915e+01 1.3642e-12
  1104 1.0143e-02 2.6533e+02    7.3172e-02 3.6778e+01 1.2506e-12
  1056 9.9943e-03 2.3565e+02    7.2429e-02 3.2517e+01 1.1937e-12
  1008 7.9386e-03 2.5803e+02    4.9836e-02 4.1103e+01 1.0232e-12
   960 7.3427e-03 2.4098e+02    4.5210e-02 3.9139e+01 1.0232e-12
   912 5.7559e-03 2.6358e+02    3.9525e-02 3.8384e+01 1.0800e-12
   864 5.1837e-03 2.4885e+02    3.5176e-02 3.6671e+01 8.5265e-13
   816 4.1000e-03 2.6504e+02    3.1651e-02 3.4333e+01 8.2423e-13
   768 3.4063e-03 2.6597e+02    2.1404e-02 4.2327e+01 7.1054e-13
   720 2.8249e-03 2.6426e+02    1.8092e-02 4.1261e+01 6.8212e-13
   672 2.3044e-03 2.6338e+02    1.6442e-02 3.6914e+01 5.6843e-13
   624 1.8219e-03 2.6672e+02    1.3317e-02 3.6491e+01 5.4001e-13
   576 1.4448e-03 2.6455e+02    1.0660e-02 3.5853e+01 4.8317e-13
   528 1.1286e-03 2.6085e+02    9.7190e-03 3.0291e+01 4.2633e-13
   480 8.4828e-04 2.6074e+02    5.4125e-03 4.0865e+01 3.1264e-13
   432 6.2908e-04 2.5631e+02    4.1411e-03 3.8937e+01 2.7001e-13
   384 4.5979e-04 2.4630e+02    3.5815e-03 3.1620e+01 2.2737e-13
   336 3.2711e-04 2.3193e+02    2.5948e-03 2.9237e+01 1.7053e-13
   288 2.1067e-04 2.2678e+02    1.7737e-03 2.6936e+01 9.9476e-14
   240 1.2696e-04 2.1777e+02    7.6405e-04 3.6186e+01 4.2633e-14
   192 8.3010e-05 1.7053e+02    4.6268e-04 3.0595e+01 2.8422e-14
   144 4.2882e-05 1.3927e+02    2.2121e-04 2.6997e+01 2.8422e-14
    96 2.3651e-05 7.4816e+01    1.3890e-04 1.2739e+01 1.0658e-14
    48 1.4778e-05 1.4967e+01    3.6119e-05 6.1238e+00 5.3291e-15
];

% Maximum difference between reference and your implementation: 2.160050e-12.
