% Number of threads = 4

% number of repeats:% 3
% enter first, last, inc:% 48 1488 48 
data = [
%  n          reference      |         current implementation 
%        time       GFLOPS   |    time       GFLOPS     diff 
  1488 2.6499e-02 2.4866e+02    5.5685e-01 1.1833e+01 2.1600e-12
  1440 2.2727e-02 2.6278e+02    5.1348e-01 1.1630e+01 2.1032e-12
  1392 2.0207e-02 2.6695e+02    4.4155e-01 1.2217e+01 1.9327e-12
  1344 1.8139e-02 2.6768e+02    3.8741e-01 1.2533e+01 1.7621e-12
  1296 1.6363e-02 2.6607e+02    3.3188e-01 1.3118e+01 1.8758e-12
  1248 1.4711e-02 2.6426e+02    3.1490e-01 1.2345e+01 1.5916e-12
  1200 1.3104e-02 2.6374e+02    2.9908e-01 1.1556e+01 1.5348e-12
  1152 1.1464e-02 2.6671e+02    2.6701e-01 1.1452e+01 1.4211e-12
  1104 1.0475e-02 2.5690e+02    2.1699e-01 1.2402e+01 1.3074e-12
  1056 9.1689e-03 2.5687e+02    1.9300e-01 1.2203e+01 1.1937e-12
  1008 7.6882e-03 2.6643e+02    1.5956e-01 1.2838e+01 1.0232e-12
   960 7.1360e-03 2.4796e+02    1.4522e-01 1.2185e+01 9.9476e-13
   912 5.6894e-03 2.6665e+02    1.2017e-01 1.2624e+01 1.0800e-12
   864 5.1467e-03 2.5063e+02    1.0352e-01 1.2461e+01 8.5265e-13
   816 4.1492e-03 2.6190e+02    8.6433e-02 1.2573e+01 7.9581e-13
   768 3.5045e-03 2.5852e+02    7.4638e-02 1.2138e+01 7.3896e-13
   720 2.9662e-03 2.5167e+02    6.4087e-02 1.1648e+01 6.8212e-13
   672 2.4224e-03 2.5055e+02    5.1699e-02 1.1740e+01 5.9686e-13
   624 1.9053e-03 2.5505e+02    4.1678e-02 1.1660e+01 5.4001e-13
   576 1.6205e-03 2.3586e+02    3.2237e-02 1.1856e+01 4.8317e-13
   528 1.2847e-03 2.2916e+02    2.2080e-02 1.3333e+01 4.2633e-13
   480 9.3362e-04 2.3691e+02    1.5773e-02 1.4023e+01 3.1264e-13
   432 1.2885e-03 1.2514e+02    1.1462e-02 1.4068e+01 2.7001e-13
   384 5.7193e-04 1.9801e+02    8.2805e-03 1.3676e+01 2.2737e-13
   336 3.3300e-04 2.2783e+02    5.3188e-03 1.4264e+01 1.7053e-13
   288 3.1610e-04 1.5114e+02    3.3801e-03 1.4135e+01 1.1369e-13
   240 2.6410e-04 1.0469e+02    1.9052e-03 1.4512e+01 4.2633e-14
   192 1.9964e-04 7.0907e+01    9.9979e-04 1.4159e+01 3.5527e-14
   144 4.5004e-05 1.3270e+02    4.1504e-04 1.4389e+01 2.8422e-14
    96 2.4706e-05 7.1621e+01    1.2918e-04 1.3698e+01 1.4211e-14
    48 1.3064e-05 1.6931e+01    1.4850e-05 1.4895e+01 7.1054e-15
];

% Maximum difference between reference and your implementation: 2.160050e-12.
