% Number of threads = 1

% number of repeats:% 3
% enter first, last, inc:% 48 1968 48 
data = [
%  n          reference      |         current implementation 
%        time       GFLOPS   |    time       GFLOPS     diff 
  1968 2.1578e-01 7.0646e+01    2.2530e-01 6.7662e+01 3.0127e-12
  1920 1.9914e-01 7.1086e+01    2.0371e-01 6.9488e+01 2.9559e-12
  1872 1.8366e-01 7.1439e+01    1.8987e-01 6.9101e+01 2.7285e-12
  1824 1.7073e-01 7.1088e+01    1.7607e-01 6.8932e+01 2.7285e-12
  1776 1.5398e-01 7.2760e+01    1.6046e-01 6.9822e+01 2.6148e-12
  1728 1.4255e-01 7.2391e+01    1.4776e-01 6.9839e+01 2.6716e-12
  1680 1.3284e-01 7.1387e+01    1.3917e-01 6.8143e+01 2.4443e-12
  1632 1.2260e-01 7.0911e+01    1.2610e-01 6.8940e+01 2.5011e-12
  1584 1.1294e-01 7.0382e+01    1.1439e-01 6.9485e+01 2.1600e-12
  1536 1.0185e-01 7.1158e+01    1.0342e-01 7.0082e+01 2.2169e-12
  1488 9.3383e-02 7.0562e+01    9.5141e-02 6.9258e+01 2.1600e-12
  1440 8.5000e-02 7.0258e+01    8.4704e-02 7.0504e+01 1.9895e-12
  1392 7.6500e-02 7.0516e+01    7.6592e-02 7.0431e+01 1.8758e-12
  1344 6.8570e-02 7.0810e+01    6.8789e-02 7.0584e+01 1.8190e-12
  1296 6.1813e-02 7.0432e+01    6.1958e-02 7.0267e+01 1.7621e-12
  1248 5.5620e-02 6.9895e+01    5.4865e-02 7.0856e+01 1.5916e-12
  1200 4.8496e-02 7.1263e+01    4.9663e-02 6.9589e+01 1.6485e-12
  1152 4.3311e-02 7.0597e+01    4.3602e-02 7.0126e+01 1.5348e-12
  1104 3.8593e-02 6.9732e+01    3.8007e-02 7.0807e+01 1.2506e-12
  1056 3.3255e-02 7.0822e+01    3.3012e-02 7.1342e+01 1.2506e-12
  1008 2.8792e-02 7.1144e+01    2.8374e-02 7.2192e+01 1.1937e-12
   960 2.4101e-02 7.3419e+01    2.5463e-02 6.9493e+01 1.1084e-12
   912 2.1251e-02 7.1391e+01    2.1569e-02 7.0336e+01 9.3792e-13
   864 1.8774e-02 6.8710e+01    1.8542e-02 6.9571e+01 8.8107e-13
   816 1.4905e-02 7.2908e+01    1.4985e-02 7.2516e+01 7.6739e-13
   768 1.2285e-02 7.3746e+01    1.2388e-02 7.3130e+01 7.9581e-13
   720 1.0119e-02 7.3772e+01    1.0172e-02 7.3389e+01 6.5370e-13
   672 8.3982e-03 7.2269e+01    8.2148e-03 7.3882e+01 6.5370e-13
   624 6.7912e-03 7.1554e+01    6.6394e-03 7.3190e+01 5.6843e-13
   576 5.2943e-03 7.2192e+01    5.2566e-03 7.2709e+01 5.1159e-13
   528 4.0473e-03 7.2739e+01    4.0407e-03 7.2857e+01 3.6948e-13
   480 3.0998e-03 7.1354e+01    3.0441e-03 7.2659e+01 2.9843e-13
   432 2.2566e-03 7.1454e+01    2.2543e-03 7.1528e+01 2.7001e-13
   384 1.6064e-03 7.0495e+01    1.5442e-03 7.3337e+01 2.1316e-13
   336 1.0838e-03 6.9998e+01    1.0520e-03 7.2115e+01 1.7053e-13
   288 6.9834e-04 6.8413e+01    6.9034e-04 6.9206e+01 1.1369e-13
   240 3.9544e-04 6.9917e+01    3.9182e-04 7.0564e+01 4.2633e-14
   192 2.0097e-04 7.0437e+01    1.9452e-04 7.2772e+01 2.8422e-14
   144 9.3196e-05 6.4080e+01    8.7418e-05 6.8315e+01 2.8422e-14
    96 3.0969e-05 5.7137e+01    2.6869e-05 6.5856e+01 1.0658e-14
    48 6.0660e-06 3.6463e+01    3.7960e-06 5.8268e+01 5.3291e-15
];

% Maximum difference between reference and your implementation: 3.012701e-12.
