% Number of threads = 1

% number of repeats:% 3
% enter first, last, inc:% 48 1488 48 
data = [
%  n          reference      |         current implementation 
%        time       GFLOPS   |    time       GFLOPS     diff 
  1488 9.4250e-02 6.9913e+01    1.9132e+00 3.4441e+00 2.1600e-12
  1440 8.4386e-02 7.0769e+01    1.7677e+00 3.3784e+00 2.1032e-12
  1392 7.5091e-02 7.1839e+01    1.4785e+00 3.6485e+00 1.9327e-12
  1344 7.1944e-02 6.7489e+01    1.4494e+00 3.3500e+00 1.7621e-12
  1296 6.3674e-02 6.8373e+01    1.2074e+00 3.6057e+00 1.8758e-12
  1248 5.3720e-02 7.2367e+01    1.1447e+00 3.3960e+00 1.5916e-12
  1200 4.9964e-02 6.9170e+01    9.6768e-01 3.5714e+00 1.5348e-12
  1152 4.4060e-02 6.9398e+01    9.3693e-01 3.2635e+00 1.4211e-12
  1104 3.8752e-02 6.9445e+01    7.3759e-01 3.6485e+00 1.3074e-12
  1056 3.3009e-02 7.1350e+01    6.9814e-01 3.3735e+00 1.1937e-12
  1008 2.9361e-02 6.9765e+01    5.7215e-01 3.5801e+00 1.0232e-12
   960 2.5751e-02 6.8715e+01    5.1984e-01 3.4039e+00 9.9476e-13
   912 2.1036e-02 7.2118e+01    4.1882e-01 3.6223e+00 1.0800e-12
   864 1.8743e-02 6.8822e+01    3.7405e-01 3.4486e+00 8.5265e-13
   816 1.5463e-02 7.0278e+01    2.8948e-01 3.7540e+00 7.9581e-13
   768 1.2410e-02 7.3000e+01    2.9461e-01 3.0751e+00 7.3896e-13
   720 1.0609e-02 7.0364e+01    2.0113e-01 3.7115e+00 6.8212e-13
   672 8.5603e-03 7.0901e+01    1.7367e-01 3.4948e+00 5.9686e-13
   624 6.8061e-03 7.1398e+01    1.3060e-01 3.7207e+00 5.4001e-13
   576 5.4337e-03 7.0339e+01    1.0950e-01 3.4906e+00 4.8317e-13
   528 4.1242e-03 7.1383e+01    7.6741e-02 3.8362e+00 4.2633e-13
   480 3.0076e-03 7.3541e+01    6.0709e-02 3.6434e+00 3.1264e-13
   432 2.2196e-03 7.2645e+01    3.9480e-02 4.0842e+00 2.7001e-13
   384 1.5773e-03 7.1799e+01    3.2172e-02 3.5200e+00 2.2737e-13
   336 1.1013e-03 6.8890e+01    1.5931e-02 4.7623e+00 1.7053e-13
   288 6.8436e-04 6.9811e+01    1.2621e-02 3.7854e+00 1.1369e-13
   240 3.9017e-04 7.0862e+01    5.5492e-03 4.9823e+00 4.2633e-14
   192 2.0834e-04 6.7945e+01    3.5720e-03 3.9630e+00 3.5527e-14
   144 9.5701e-05 6.2402e+01    1.0799e-03 5.5303e+00 2.8422e-14
    96 3.8900e-05 4.5488e+01    3.1563e-04 5.6061e+00 1.4211e-14
    48 5.9530e-06 3.7155e+01    3.1940e-05 6.9250e+00 7.1054e-15
];

% Maximum difference between reference and your implementation: 2.160050e-12.
