% Number of threads = 4

% number of repeats:% 3
% enter first, last, inc:% 48 1968 48 
data = [
%  n          reference      |         current implementation 
%        time       GFLOPS   |    time       GFLOPS     diff 
  1968 6.9386e-02 2.1970e+02    7.5692e-02 2.0140e+02 3.0127e-12
  1920 6.4650e-02 2.1896e+02    7.5364e-02 1.8783e+02 2.9559e-12
  1872 6.1330e-02 2.1393e+02    6.3657e-02 2.0611e+02 2.7285e-12
  1824 5.7650e-02 2.1053e+02    5.8236e-02 2.0841e+02 2.7285e-12
  1776 5.1232e-02 2.1868e+02    5.4546e-02 2.0540e+02 2.6148e-12
  1728 4.7446e-02 2.1750e+02    5.1195e-02 2.0157e+02 2.6716e-12
  1680 4.3677e-02 2.1712e+02    4.7022e-02 2.0168e+02 2.4443e-12
  1632 3.9839e-02 2.1821e+02    4.2292e-02 2.0556e+02 2.5011e-12
  1584 3.6930e-02 2.1524e+02    3.9321e-02 2.0215e+02 2.1600e-12
  1536 3.3461e-02 2.1660e+02    3.6053e-02 2.0103e+02 2.2169e-12
  1488 3.3472e-02 1.9686e+02    3.1709e-02 2.0781e+02 2.1600e-12
  1440 2.7526e-02 2.1696e+02    2.9514e-02 2.0234e+02 1.9895e-12
  1392 2.4867e-02 2.1693e+02    2.6967e-02 2.0004e+02 1.8758e-12
  1344 2.2451e-02 2.1627e+02    2.3499e-02 2.0662e+02 1.8190e-12
  1296 2.0279e-02 2.1469e+02    2.1170e-02 2.0565e+02 1.7621e-12
  1248 1.8165e-02 2.1401e+02    1.9602e-02 1.9832e+02 1.5916e-12
  1200 1.6362e-02 2.1122e+02    1.7737e-02 1.9485e+02 1.6485e-12
  1152 1.4382e-02 2.1260e+02    1.5243e-02 2.0059e+02 1.5348e-12
  1104 1.2939e-02 2.0799e+02    1.3477e-02 1.9969e+02 1.2506e-12
  1056 1.1176e-02 2.1073e+02    1.1981e-02 1.9658e+02 1.2506e-12
  1008 9.9029e-03 2.0685e+02    1.0238e-02 2.0007e+02 1.1937e-12
   960 8.8028e-03 2.0101e+02    8.9047e-03 1.9871e+02 1.1084e-12
   912 7.1720e-03 2.1153e+02    7.6077e-03 1.9942e+02 9.3792e-13
   864 6.4073e-03 2.0133e+02    6.5821e-03 1.9598e+02 8.8107e-13
   816 5.2195e-03 2.0819e+02    5.6503e-03 1.9232e+02 7.6739e-13
   768 4.3894e-03 2.0640e+02    4.6168e-03 1.9623e+02 7.9581e-13
   720 3.5765e-03 2.0873e+02    3.8656e-03 1.9311e+02 6.5370e-13
   672 2.8441e-03 2.1340e+02    3.2191e-03 1.8854e+02 6.5370e-13
   624 2.2954e-03 2.1170e+02    2.5853e-03 1.8796e+02 5.6843e-13
   576 1.8313e-03 2.0870e+02    2.1033e-03 1.8172e+02 5.1159e-13
   528 1.4193e-03 2.0743e+02    1.6714e-03 1.7613e+02 3.6948e-13
   480 1.0724e-03 2.0624e+02    1.2530e-03 1.7653e+02 2.9843e-13
   432 7.9306e-04 2.0332e+02    9.5175e-04 1.6942e+02 2.7001e-13
   384 5.7556e-04 1.9676e+02    7.0705e-04 1.6017e+02 2.1316e-13
   336 4.0769e-04 1.8609e+02    4.9755e-04 1.5248e+02 1.7053e-13
   288 2.6533e-04 1.8006e+02    3.3294e-04 1.4350e+02 1.1369e-13
   240 1.6154e-04 1.7115e+02    1.8751e-04 1.4745e+02 4.2633e-14
   192 9.2521e-05 1.5300e+02    1.2035e-04 1.1763e+02 2.8422e-14
   144 5.7665e-05 1.0356e+02    6.3335e-05 9.4292e+01 2.8422e-14
    96 2.7200e-05 6.5054e+01    2.7429e-05 6.4511e+01 1.0658e-14
    48 1.7784e-05 1.2437e+01    9.4320e-06 2.3450e+01 5.3291e-15
];

% Maximum difference between reference and your implementation: 3.012701e-12.
