% Number of threads = 4

% number of repeats:% 3
% enter first, last, inc:% 48 1968 48 
data = [
%  n          reference      |         current implementation 
%        time       GFLOPS   |    time       GFLOPS     diff 
  1968 5.7961e-02 2.6301e+02    6.2379e-02 2.4438e+02 3.0127e-12
  1920 5.5009e-02 2.5734e+02    5.6350e-02 2.5121e+02 2.9559e-12
  1872 4.8664e-02 2.6961e+02    5.4081e-02 2.4261e+02 2.7285e-12
  1824 4.8645e-02 2.4950e+02    4.8129e-02 2.5217e+02 2.7285e-12
  1776 4.1403e-02 2.7060e+02    4.4781e-02 2.5019e+02 2.6148e-12
  1728 3.8216e-02 2.7003e+02    4.0848e-02 2.5263e+02 2.6716e-12
  1680 3.5089e-02 2.7027e+02    3.7839e-02 2.5062e+02 2.4443e-12
  1632 3.2293e-02 2.6920e+02    3.5920e-02 2.4202e+02 2.5011e-12
  1584 3.0054e-02 2.6448e+02    3.1566e-02 2.5181e+02 2.1600e-12
  1536 2.7835e-02 2.6038e+02    2.9930e-02 2.4215e+02 2.2169e-12
  1488 2.7001e-02 2.4404e+02    2.6744e-02 2.4638e+02 2.1600e-12
  1440 2.2493e-02 2.6550e+02    2.5379e-02 2.3532e+02 1.9895e-12
  1392 2.1069e-02 2.5604e+02    2.2980e-02 2.3475e+02 1.8758e-12
  1344 1.8340e-02 2.6475e+02    1.9403e-02 2.5024e+02 1.8190e-12
  1296 1.6364e-02 2.6604e+02    1.7246e-02 2.5244e+02 1.7621e-12
  1248 1.4894e-02 2.6101e+02    1.5874e-02 2.4490e+02 1.5916e-12
  1200 1.3182e-02 2.6217e+02    1.3777e-02 2.5085e+02 1.6485e-12
  1152 1.1570e-02 2.6428e+02    1.1859e-02 2.5784e+02 1.5348e-12
  1104 1.0222e-02 2.6327e+02    1.1988e-02 2.2448e+02 1.2506e-12
  1056 8.8188e-03 2.6706e+02    9.4969e-03 2.4799e+02 1.2506e-12
  1008 7.6237e-03 2.6869e+02    8.4321e-03 2.4293e+02 1.1937e-12
   960 6.9826e-03 2.5341e+02    7.0982e-03 2.4929e+02 1.1084e-12
   912 5.6775e-03 2.6721e+02    6.1200e-03 2.4789e+02 9.3792e-13
   864 5.0649e-03 2.5468e+02    4.8954e-03 2.6350e+02 8.8107e-13
   816 4.1779e-03 2.6010e+02    4.3724e-03 2.4853e+02 7.6739e-13
   768 3.4675e-03 2.6127e+02    3.6496e-03 2.4824e+02 7.9581e-13
   720 2.7783e-03 2.6868e+02    3.0955e-03 2.4115e+02 6.5370e-13
   672 2.3471e-03 2.5858e+02    2.4953e-03 2.4323e+02 6.5370e-13
   624 1.8224e-03 2.6664e+02    1.9671e-03 2.4704e+02 5.6843e-13
   576 1.4545e-03 2.6278e+02    1.5551e-03 2.4577e+02 5.1159e-13
   528 1.1271e-03 2.6120e+02    1.2938e-03 2.2755e+02 3.6948e-13
   480 8.5006e-04 2.6020e+02    1.0018e-03 2.2078e+02 2.9843e-13
   432 6.2872e-04 2.5646e+02    7.4462e-04 2.1655e+02 2.7001e-13
   384 4.5683e-04 2.4789e+02    5.5516e-04 2.0399e+02 2.1316e-13
   336 3.3164e-04 2.2876e+02    3.8397e-04 1.9758e+02 1.7053e-13
   288 2.1000e-04 2.2750e+02    2.4276e-04 1.9680e+02 1.1369e-13
   240 1.2425e-04 2.2252e+02    1.3310e-04 2.0772e+02 4.2633e-14
   192 7.4917e-05 1.8895e+02    1.1947e-04 1.1849e+02 2.8422e-14
   144 4.0749e-05 1.4655e+02    3.8871e-05 1.5364e+02 2.8422e-14
    96 2.4438e-05 7.2407e+01    2.2284e-05 7.9405e+01 1.0658e-14
    48 1.3987e-05 1.5814e+01    1.0435e-05 2.1196e+01 5.3291e-15
];

% Maximum difference between reference and your implementation: 3.012701e-12.
