% Number of threads = 1

% number of repeats:% 3
% enter first, last, inc:% 48 1968 48 
data = [
%  n          reference      |         current implementation 
%        time       GFLOPS   |    time       GFLOPS     diff 
  1968 2.1543e-01 7.0763e+01    2.2037e-01 6.9176e+01 3.0127e-12
  1920 1.9988e-01 7.0822e+01    1.9633e-01 7.2102e+01 2.9559e-12
  1872 1.8148e-01 7.2296e+01    1.7892e-01 7.3332e+01 2.7285e-12
  1824 1.6742e-01 7.2493e+01    1.6893e-01 7.1844e+01 2.7285e-12
  1776 1.5617e-01 7.1740e+01    1.5593e-01 7.1849e+01 2.6148e-12
  1728 1.4583e-01 7.0764e+01    1.4325e-01 7.2037e+01 2.6716e-12
  1680 1.3307e-01 7.1268e+01    1.3197e-01 7.1857e+01 2.4443e-12
  1632 1.2150e-01 7.1552e+01    1.2074e-01 7.1998e+01 2.5011e-12
  1584 1.1538e-01 6.8894e+01    1.1097e-01 7.1631e+01 2.1600e-12
  1536 1.0432e-01 6.9477e+01    1.0105e-01 7.1724e+01 2.2169e-12
  1488 9.3138e-02 7.0748e+01    8.9754e-02 7.3415e+01 2.1600e-12
  1440 8.5089e-02 7.0185e+01    8.7704e-02 6.8092e+01 1.9895e-12
  1392 7.8904e-02 6.8367e+01    7.9109e-02 6.8190e+01 1.8758e-12
  1344 7.0036e-02 6.9327e+01    7.0705e-02 6.8672e+01 1.8190e-12
  1296 6.3297e-02 6.8780e+01    6.0430e-02 7.2043e+01 1.7621e-12
  1248 5.5400e-02 7.0172e+01    5.5418e-02 7.0149e+01 1.5916e-12
  1200 4.8896e-02 7.0681e+01    4.7808e-02 7.2289e+01 1.6485e-12
  1152 4.2359e-02 7.2185e+01    4.1727e-02 7.3278e+01 1.5348e-12
  1104 3.8933e-02 6.9123e+01    3.8574e-02 6.9765e+01 1.2506e-12
  1056 3.3644e-02 7.0003e+01    3.3317e-02 7.0690e+01 1.2506e-12
  1008 2.9139e-02 7.0296e+01    2.8980e-02 7.0683e+01 1.1937e-12
   960 2.5065e-02 7.0596e+01    2.4784e-02 7.1397e+01 1.1084e-12
   912 2.1615e-02 7.0188e+01    2.1340e-02 7.1093e+01 9.3792e-13
   864 1.8404e-02 7.0090e+01    1.8111e-02 7.1224e+01 8.8107e-13
   816 1.4943e-02 7.2721e+01    1.4835e-02 7.3249e+01 7.6739e-13
   768 1.2633e-02 7.1716e+01    1.2374e-02 7.3216e+01 7.9581e-13
   720 1.0299e-02 7.2480e+01    1.0231e-02 7.2964e+01 6.5370e-13
   672 8.4057e-03 7.2204e+01    8.2707e-03 7.3383e+01 6.5370e-13
   624 6.7447e-03 7.2048e+01    6.5346e-03 7.4364e+01 5.6843e-13
   576 5.2131e-03 7.3316e+01    5.1035e-03 7.4892e+01 5.1159e-13
   528 4.1738e-03 7.0535e+01    4.0208e-03 7.3219e+01 3.6948e-13
   480 3.1293e-03 7.0682e+01    3.0048e-03 7.3609e+01 2.9843e-13
   432 2.3193e-03 6.9521e+01    2.2427e-03 7.1896e+01 2.7001e-13
   384 1.6268e-03 6.9613e+01    1.6053e-03 7.0547e+01 2.1316e-13
   336 1.1092e-03 6.8395e+01    1.0527e-03 7.2066e+01 1.7053e-13
   288 6.9730e-04 6.8516e+01    6.8619e-04 6.9625e+01 1.1369e-13
   240 4.1365e-04 6.6839e+01    3.8733e-04 7.1382e+01 4.2633e-14
   192 2.0998e-04 6.7416e+01    1.9778e-04 7.1573e+01 2.8422e-14
   144 9.3047e-05 6.4182e+01    8.4555e-05 7.0628e+01 2.8422e-14
    96 3.1137e-05 5.6829e+01    2.6940e-05 6.5682e+01 1.0658e-14
    48 5.9700e-06 3.7049e+01    1.0679e-05 2.0712e+01 5.3291e-15
];

% Maximum difference between reference and your implementation: 3.012701e-12.
