% Number of threads = 8

% number of repeats:% 3
% enter first, last, inc:% 48 2496 48 
data = [
%  n          reference      |         current implementation 
%        time       GFLOPS   |    time       GFLOPS     diff 
  2496 2.3023e-01 1.3508e+02    7.9395e-02 3.9171e+02 4.8885e-12
  2448 1.2937e-01 2.2680e+02    6.5912e-02 4.4514e+02 4.6612e-12
  2400 1.1605e-01 2.3825e+02    6.1242e-02 4.5146e+02 4.7748e-12
  2352 9.5443e-02 2.7264e+02    5.9183e-02 4.3969e+02 4.4338e-12
  2304 5.2776e-02 4.6349e+02    6.3826e-02 3.8325e+02 3.9790e-12
  2256 5.6645e-02 4.0540e+02    7.3274e-02 3.1340e+02 3.8654e-12
  2208 4.6022e-02 4.6780e+02    5.0042e-02 4.3023e+02 3.6380e-12
  2160 4.4295e-02 4.5502e+02    4.6801e-02 4.3066e+02 3.7517e-12
  2112 5.0976e-02 3.6961e+02    6.1946e-02 3.0416e+02 3.1832e-12
  2064 3.8876e-02 4.5236e+02    4.2450e-02 4.1427e+02 3.1832e-12
  2016 9.0192e-02 1.8169e+02    5.3447e-02 3.0660e+02 2.8990e-12
  1968 3.3519e-02 4.5480e+02    3.3712e-02 4.5219e+02 2.8990e-12
  1920 3.0073e-02 4.7071e+02    3.1266e-02 4.5275e+02 2.7285e-12
  1872 2.7195e-02 4.8245e+02    2.8868e-02 4.5449e+02 2.7853e-12
  1824 2.6995e-02 4.4960e+02    2.7223e-02 4.4583e+02 2.5580e-12
  1776 4.4928e-02 2.4937e+02    2.5100e-02 4.4636e+02 2.5011e-12
  1728 2.1269e-02 4.8519e+02    2.2340e-02 4.6192e+02 2.5580e-12
  1680 1.8961e-02 5.0015e+02    2.0846e-02 4.5491e+02 2.3874e-12
  1632 1.8195e-02 4.7779e+02    1.9779e-02 4.3952e+02 2.2169e-12
  1584 1.8130e-02 4.3843e+02    1.7302e-02 4.5941e+02 2.3874e-12
  1536 1.4187e-02 5.1089e+02    1.5832e-02 4.5780e+02 2.2737e-12
  1488 1.5282e-02 4.3118e+02    1.4543e-02 4.5308e+02 2.0464e-12
  1440 1.2921e-02 4.6218e+02    1.2507e-02 4.7750e+02 1.9895e-12
  1392 1.0666e-02 5.0577e+02    1.1246e-02 4.7968e+02 1.9327e-12
  1344 1.0529e-02 4.6113e+02    1.0313e-02 4.7080e+02 1.8758e-12
  1296 9.8242e-03 4.4315e+02    9.4767e-03 4.5940e+02 1.8190e-12
  1248 7.7425e-03 5.0210e+02    8.3922e-03 4.6323e+02 1.7053e-12
  1200 7.0704e-03 4.8880e+02    7.4914e-03 4.6133e+02 1.5348e-12
  1152 6.2101e-03 4.9236e+02    6.8035e-03 4.4942e+02 1.3642e-12
  1104 5.5502e-03 4.8488e+02    5.8861e-03 4.5720e+02 1.3642e-12
  1056 4.9578e-03 4.7504e+02    5.5227e-03 4.2645e+02 1.1937e-12
  1008 4.1723e-03 4.9095e+02    4.6070e-03 4.4462e+02 1.0232e-12
   960 3.8312e-03 4.6186e+02    3.8517e-03 4.5940e+02 9.0949e-13
   912 3.5596e-03 4.2620e+02    3.4423e-03 4.4072e+02 8.8107e-13
   864 2.7338e-03 4.7185e+02    2.8257e-03 4.5650e+02 8.8107e-13
   816 2.4988e-03 4.3489e+02    2.5002e-03 4.3464e+02 8.2423e-13
   768 2.0451e-03 4.4300e+02    2.0285e-03 4.4662e+02 7.6739e-13
   720 1.7482e-03 4.2700e+02    1.5819e-03 4.7191e+02 7.1054e-13
   672 1.5457e-03 3.9265e+02    1.3067e-03 4.6446e+02 6.5370e-13
   624 1.1606e-03 4.1868e+02    1.1617e-03 4.1831e+02 5.4001e-13
   576 8.3087e-04 4.6001e+02    8.0004e-04 4.7774e+02 5.4001e-13
   528 6.9309e-04 4.2476e+02    6.3759e-04 4.6174e+02 4.5475e-13
   480 5.4514e-04 4.0574e+02    5.8276e-04 3.7954e+02 3.4106e-13
   432 3.7666e-04 4.2808e+02    3.8280e-04 4.2122e+02 2.9843e-13
   384 2.5876e-04 4.3765e+02    2.6821e-04 4.2223e+02 2.2737e-13
   336 2.0272e-04 3.7424e+02    2.1788e-04 3.4820e+02 1.7053e-13
   288 1.3859e-04 3.4472e+02    1.7862e-04 2.6748e+02 1.1369e-13
   240 1.0587e-04 2.6115e+02    1.4475e-04 1.9100e+02 4.2633e-14
   192 7.3326e-05 1.9305e+02    8.9437e-05 1.5828e+02 2.8422e-14
   144 4.4367e-05 1.3460e+02    5.7989e-05 1.0298e+02 2.8422e-14
    96 4.8270e-05 3.6658e+01    2.2082e-05 8.0132e+01 1.4211e-14
    48 3.3152e-05 6.6718e+00    1.7213e-05 1.2850e+01 5.3291e-15
];

% Maximum difference between reference and your implementation: 4.888534e-12.
