% number of repeats:% 3
% enter first, last, inc:% 48 1488 48 
data = [
%  n          reference      |         current implementation 
%        time       GFLOPS   |    time       GFLOPS     diff 
  1488 9.6940e-02 6.7973e+01    2.0968e-01 3.1425e+01 2.1600e-12
  1440 8.4466e-02 7.0703e+01    1.6609e-01 3.5955e+01 2.1032e-12
  1392 7.6238e-02 7.0758e+01    1.5076e-01 3.5782e+01 1.9327e-12
  1344 6.7991e-02 7.1413e+01    1.1908e-01 4.0774e+01 1.7621e-12
  1296 6.1481e-02 7.0811e+01    1.1710e-01 3.7177e+01 1.8190e-12
  1248 5.3785e-02 7.2279e+01    1.0201e-01 3.8109e+01 1.6485e-12
  1200 4.8141e-02 7.1790e+01    9.3035e-02 3.7147e+01 1.5348e-12
  1152 4.4552e-02 6.8632e+01    7.4554e-02 4.1012e+01 1.3642e-12
  1104 3.8709e-02 6.9523e+01    7.2982e-02 3.6874e+01 1.2506e-12
  1056 3.4815e-02 6.7648e+01    6.4948e-02 3.6263e+01 1.1937e-12
  1008 3.0607e-02 6.6926e+01    5.3214e-02 3.8493e+01 1.0232e-12
   960 2.6067e-02 6.7881e+01    4.3551e-02 4.0630e+01 1.0232e-12
   912 2.2247e-02 6.8194e+01    4.0715e-02 3.7262e+01 1.0800e-12
   864 1.8575e-02 6.9447e+01    3.1657e-02 4.0748e+01 8.5265e-13
   816 1.5692e-02 6.9250e+01    2.8337e-02 3.8348e+01 8.2423e-13
   768 1.2759e-02 7.1008e+01    2.1105e-02 4.2928e+01 7.1054e-13
   720 1.0630e-02 7.0227e+01    1.8206e-02 4.1004e+01 6.8212e-13
   672 8.5774e-03 7.0759e+01    1.4734e-02 4.1193e+01 5.6843e-13
   624 6.8787e-03 7.0644e+01    1.1815e-02 4.1130e+01 5.4001e-13
   576 5.6185e-03 6.8026e+01    8.4515e-03 4.5224e+01 4.8317e-13
   528 4.2277e-03 6.9635e+01    6.2750e-03 4.6915e+01 4.2633e-13
   480 3.1955e-03 6.9218e+01    4.1781e-03 5.2939e+01 3.1264e-13
   432 2.3735e-03 6.7934e+01    2.8909e-03 5.5776e+01 2.7001e-13
   384 1.6924e-03 6.6913e+01    1.9240e-03 5.8858e+01 2.2737e-13
   336 1.1417e-03 6.6452e+01    1.2489e-03 6.0747e+01 1.7053e-13
   288 7.2346e-04 6.6038e+01    7.9306e-04 6.0242e+01 9.9476e-14
   240 4.1029e-04 6.7386e+01    3.9959e-04 6.9191e+01 4.2633e-14
   192 2.1683e-04 6.5285e+01    2.0752e-04 6.8215e+01 2.8422e-14
   144 9.5107e-05 6.2792e+01    8.4728e-05 7.0484e+01 2.8422e-14
    96 3.1657e-05 5.5895e+01    2.5508e-05 6.9369e+01 1.0658e-14
    48 6.1190e-06 3.6147e+01    3.3950e-06 6.5150e+01 5.3291e-15
];

% Maximum difference between reference and your implementation: 2.160050e-12.
