% number of repeats:% 3
% enter first, last, inc:% 48 1488 48 
data = [
%  n          reference      |         current implementation 
%        time       GFLOPS   |    time       GFLOPS     diff 
  1488 9.5015e-02 6.9350e+01    9.0144e-01 7.3098e+00 2.1600e-12
  1440 8.4243e-02 7.0890e+01    7.7531e-01 7.7027e+00 2.1032e-12
  1392 7.7470e-02 6.9633e+01    6.6050e-01 8.1672e+00 1.9327e-12
  1344 7.0134e-02 6.9231e+01    6.1312e-01 7.9192e+00 1.7621e-12
  1296 6.3503e-02 6.8557e+01    5.1979e-01 8.3757e+00 1.8190e-12
  1248 5.5196e-02 7.0432e+01    4.3894e-01 8.8567e+00 1.6485e-12
  1200 4.8893e-02 7.0685e+01    3.8549e-01 8.9651e+00 1.5348e-12
  1152 4.3099e-02 7.0945e+01    3.5060e-01 8.7212e+00 1.3642e-12
  1104 3.8077e-02 7.0677e+01    2.9242e-01 9.2032e+00 1.2506e-12
  1056 3.2968e-02 7.1438e+01    2.7076e-01 8.6985e+00 1.1937e-12
  1008 2.8537e-02 7.1780e+01    2.2167e-01 9.2408e+00 1.0232e-12
   960 2.4963e-02 7.0884e+01    2.0233e-01 8.7457e+00 1.0232e-12
   912 2.1590e-02 7.0267e+01    1.5750e-01 9.6324e+00 1.0800e-12
   864 1.8416e-02 7.0046e+01    1.3733e-01 9.3932e+00 8.5265e-13
   816 1.5935e-02 6.8194e+01    1.1763e-01 9.2381e+00 8.2423e-13
   768 1.3134e-02 6.8982e+01    1.0152e-01 8.9242e+00 7.1054e-13
   720 1.0638e-02 7.0176e+01    8.1395e-02 9.1713e+00 6.8212e-13
   672 8.7625e-03 6.9265e+01    6.1805e-02 9.8201e+00 5.6843e-13
   624 7.0839e-03 6.8598e+01    5.9268e-02 8.1990e+00 5.4001e-13
   576 5.3870e-03 7.0949e+01    3.6874e-02 1.0365e+01 4.8317e-13
   528 4.2017e-03 7.0066e+01    2.7587e-02 1.0672e+01 4.2633e-13
   480 3.0100e-03 7.3483e+01    1.7900e-02 1.2357e+01 3.1264e-13
   432 2.3679e-03 6.8095e+01    1.2581e-02 1.2817e+01 2.7001e-13
   384 1.5903e-03 7.1209e+01    8.2967e-03 1.3650e+01 2.2737e-13
   336 1.0791e-03 7.0303e+01    5.3623e-03 1.4148e+01 1.7053e-13
   288 6.8327e-04 6.9922e+01    3.2693e-03 1.4613e+01 9.9476e-14
   240 3.9898e-04 6.9297e+01    1.8522e-03 1.4927e+01 4.2633e-14
   192 2.1558e-04 6.5665e+01    8.4286e-04 1.6795e+01 2.8422e-14
   144 9.3441e-05 6.3912e+01    3.2856e-04 1.8176e+01 2.8422e-14
    96 3.1205e-05 5.6705e+01    9.4596e-05 1.8706e+01 1.0658e-14
    48 5.9800e-06 3.6987e+01    7.1040e-06 3.1135e+01 5.3291e-15
];

% Maximum difference between reference and your implementation: 2.160050e-12.
