% number of repeats:% 3
% enter first, last, inc:% 48 1488 48 
data = [
%  n          reference      |         current implementation 
%        time       GFLOPS   |    time       GFLOPS     diff 
  1488 9.7136e-02 6.7836e+01    3.3634e-01 1.9591e+01 2.1600e-12
  1440 8.8472e-02 6.7501e+01    3.1538e-01 1.8936e+01 2.1032e-12
  1392 8.1391e-02 6.6278e+01    2.6320e-01 2.0496e+01 1.9327e-12
  1344 7.1655e-02 6.7761e+01    2.3965e-01 2.0261e+01 1.7621e-12
  1296 6.5697e-02 6.6267e+01    2.1039e-01 2.0693e+01 1.8190e-12
  1248 5.5836e-02 6.9624e+01    1.7622e-01 2.2061e+01 1.6485e-12
  1200 4.9145e-02 7.0323e+01    1.5275e-01 2.2625e+01 1.5348e-12
  1152 4.4358e-02 6.8931e+01    1.4619e-01 2.0916e+01 1.3642e-12
  1104 3.8690e-02 6.9557e+01    1.2689e-01 2.1208e+01 1.2506e-12
  1056 3.6823e-02 6.3960e+01    1.0225e-01 2.3034e+01 1.1937e-12
  1008 3.1105e-02 6.5854e+01    9.0235e-02 2.2701e+01 1.0232e-12
   960 2.7425e-02 6.4521e+01    8.2735e-02 2.1387e+01 1.0232e-12
   912 2.2317e-02 6.7981e+01    6.8537e-02 2.2135e+01 1.0800e-12
   864 1.8908e-02 6.8222e+01    5.7530e-02 2.2422e+01 8.5265e-13
   816 1.6071e-02 6.7617e+01    5.0077e-02 2.1700e+01 8.2423e-13
   768 1.3589e-02 6.6667e+01    4.4722e-02 2.0258e+01 7.1054e-13
   720 1.1242e-02 6.6403e+01    3.3664e-02 2.2175e+01 6.8212e-13
   672 9.1708e-03 6.6181e+01    2.6958e-02 2.2514e+01 5.6843e-13
   624 7.1666e-03 6.7806e+01    2.1167e-02 2.2957e+01 5.4001e-13
   576 5.5897e-03 6.8376e+01    1.5388e-02 2.4838e+01 4.8317e-13
   528 4.3052e-03 6.8382e+01    1.0852e-02 2.7128e+01 4.2633e-13
   480 3.2047e-03 6.9018e+01    6.8803e-03 3.2147e+01 3.1264e-13
   432 2.3456e-03 6.8742e+01    4.9017e-03 3.2895e+01 2.7001e-13
   384 1.7063e-03 6.6368e+01    3.3868e-03 3.3438e+01 2.2737e-13
   336 1.1858e-03 6.3979e+01    2.2468e-03 3.3766e+01 1.7053e-13
   288 7.6793e-04 6.2214e+01    1.4151e-03 3.3761e+01 9.9476e-14
   240 4.3944e-04 6.2917e+01    7.4739e-04 3.6993e+01 4.2633e-14
   192 2.2702e-04 6.2356e+01    3.8107e-04 3.7147e+01 2.8422e-14
   144 9.9408e-05 6.0075e+01    1.4565e-04 4.1003e+01 2.8422e-14
    96 3.3159e-05 5.3363e+01    4.3202e-05 4.0958e+01 1.0658e-14
    48 6.3790e-06 3.4674e+01    4.7010e-06 4.7050e+01 5.3291e-15
];

% Maximum difference between reference and your implementation: 2.160050e-12.
