% number of repeats:% 3
% enter first, last, inc:% 48 480 48 
data = [
%  n          reference      |         current implementation 
%        time       GFLOPS   |    time       GFLOPS     diff 
   480 4.1042e-03 5.3892e+01    1.8046e-01 1.2257e+00 3.5527e-13
   432 2.9957e-03 5.3826e+01    1.0668e-01 1.5115e+00 3.1264e-13
   384 2.1137e-03 5.3577e+01    1.3178e-01 8.5934e-01 1.9895e-13
   336 1.4185e-03 5.3483e+01    4.4289e-02 1.7130e+00 1.7053e-13
   288 9.1029e-04 5.2484e+01    3.7722e-02 1.2665e+00 1.1369e-13
   240 5.1986e-04 5.3183e+01    1.3153e-02 2.1020e+00 4.2633e-14
   192 2.6942e-04 5.2542e+01    1.4617e-02 9.6845e-01 2.8422e-14
   144 1.1748e-04 5.0833e+01    1.6159e-03 3.6958e+00 2.8422e-14
    96 4.9240e-05 3.5936e+01    4.7379e-04 3.7347e+00 1.4211e-14
    48 7.6610e-06 2.8871e+01    4.7220e-05 4.6841e+00 7.1054e-15
];

% Maximum difference between reference and your implementation: 3.552714e-13.
