% number of repeats:% 3
% enter first, last, inc:% 48 1488 48 
data = [
%  n          reference      |         current implementation 
%        time       GFLOPS   |    time       GFLOPS     diff 
  1488 1.1792e-01 5.5877e+01    7.1191e-01 9.2558e+00 2.1600e-12
  1440 1.0709e-01 5.5764e+01    6.3725e-01 9.3714e+00 2.1032e-12
  1392 9.6702e-02 5.5784e+01    5.6151e-01 9.6071e+00 1.9327e-12
  1344 8.7206e-02 5.5678e+01    5.0874e-01 9.5440e+00 1.7621e-12
  1296 7.8403e-02 5.5528e+01    4.4545e-01 9.7735e+00 1.8758e-12
  1248 6.9715e-02 5.5763e+01    3.9515e-01 9.8382e+00 1.5916e-12
  1200 6.2144e-02 5.5613e+01    3.5115e-01 9.8418e+00 1.5348e-12
  1152 5.5136e-02 5.5457e+01    3.1622e-01 9.6693e+00 1.4211e-12
  1104 4.8617e-02 5.5355e+01    2.7403e-01 9.8206e+00 1.3074e-12
  1056 4.2540e-02 5.5363e+01    2.3668e-01 9.9510e+00 1.1937e-12
  1008 3.6875e-02 5.5549e+01    2.0680e-01 9.9051e+00 1.0232e-12
   960 3.1916e-02 5.5442e+01    1.7899e-01 9.8856e+00 9.9476e-13
   912 2.7502e-02 5.5163e+01    1.5239e-01 9.9552e+00 1.0800e-12
   864 2.3344e-02 5.5257e+01    1.2786e-01 1.0089e+01 8.5265e-13
   816 1.9674e-02 5.5234e+01    1.0895e-01 9.9742e+00 7.9581e-13
   768 1.6417e-02 5.5184e+01    9.3642e-02 9.6748e+00 7.3896e-13
   720 1.3466e-02 5.5434e+01    7.5248e-02 9.9205e+00 6.8212e-13
   672 1.1023e-02 5.5060e+01    6.0710e-02 9.9972e+00 5.9686e-13
   624 8.8110e-03 5.5152e+01    4.7990e-02 1.0126e+01 5.4001e-13
   576 6.9937e-03 5.4650e+01    3.7919e-02 1.0079e+01 4.8317e-13
   528 5.4071e-03 5.4446e+01    2.8522e-02 1.0322e+01 4.2633e-13
   480 4.0455e-03 5.4674e+01    2.1223e-02 1.0422e+01 3.1264e-13
   432 2.9674e-03 5.4337e+01    1.5332e-02 1.0517e+01 2.7001e-13
   384 2.1125e-03 5.3608e+01    1.0952e-02 1.0340e+01 2.2737e-13
   336 1.4163e-03 5.3565e+01    7.1136e-03 1.0665e+01 1.7053e-13
   288 9.1130e-04 5.2426e+01    4.5193e-03 1.0572e+01 1.1369e-13
   240 5.1602e-04 5.3580e+01    2.5646e-03 1.0781e+01 4.2633e-14
   192 2.6868e-04 5.2685e+01    1.2950e-03 1.0931e+01 3.5527e-14
   144 1.1773e-04 5.0726e+01    5.4086e-04 1.1042e+01 2.8422e-14
    96 3.9029e-05 4.5337e+01    1.6294e-04 1.0860e+01 1.4211e-14
    48 7.5790e-06 2.9184e+01    1.8420e-05 1.2008e+01 7.1054e-15
];

% Maximum difference between reference and your implementation: 2.160050e-12.
