% number of repeats:% 3
% enter first, last, inc:% 48 1488 48 
data = [
%  n          reference      |         current implementation 
%        time       GFLOPS   |    time       GFLOPS     diff 
  1488 9.3586e-02 7.0409e+01    1.1371e+00 5.7950e+00 2.1600e-12
  1440 8.6698e-02 6.8883e+01    9.8179e-01 6.0827e+00 2.1032e-12
  1392 7.7105e-02 6.9962e+01    8.4558e-01 6.3796e+00 1.9327e-12
  1344 7.0934e-02 6.8450e+01    7.8120e-01 6.2153e+00 1.7621e-12
  1296 6.4043e-02 6.7979e+01    6.5014e-01 6.6964e+00 1.8190e-12
  1248 5.5829e-02 6.9632e+01    5.8522e-01 6.6428e+00 1.6485e-12
  1200 4.9626e-02 6.9641e+01    5.1692e-01 6.6858e+00 1.5348e-12
  1152 4.3339e-02 7.0552e+01    5.0406e-01 6.0660e+00 1.3642e-12
  1104 3.8722e-02 6.9499e+01    4.1872e-01 6.4271e+00 1.2506e-12
  1056 3.4649e-02 6.7973e+01    3.6852e-01 6.3909e+00 1.1937e-12
  1008 3.0547e-02 6.7058e+01    3.1662e-01 6.4696e+00 1.0232e-12
   960 2.5325e-02 6.9869e+01    2.6621e-01 6.6470e+00 1.0232e-12
   912 2.2297e-02 6.8040e+01    2.2728e-01 6.6751e+00 1.0800e-12
   864 1.8920e-02 6.8178e+01    2.0078e-01 6.4248e+00 8.5265e-13
   816 1.5454e-02 7.0318e+01    1.5501e-01 7.0103e+00 8.2423e-13
   768 1.2743e-02 7.1093e+01    1.2500e-01 7.2476e+00 7.1054e-13
   720 1.0440e-02 7.1502e+01    1.0705e-01 6.9736e+00 6.8212e-13
   672 8.6989e-03 6.9771e+01    8.5721e-02 7.0803e+00 5.6843e-13
   624 6.9739e-03 6.9680e+01    7.1292e-02 6.8162e+00 5.4001e-13
   576 5.4078e-03 7.0677e+01    5.1201e-02 7.4648e+00 4.8317e-13
   528 4.3891e-03 6.7074e+01    3.6912e-02 7.9756e+00 4.2633e-13
   480 3.1993e-03 6.9135e+01    2.5809e-02 8.5702e+00 3.1264e-13
   432 2.2984e-03 7.0156e+01    1.6506e-02 9.7691e+00 2.7001e-13
   384 1.7241e-03 6.5685e+01    1.1589e-02 9.7722e+00 2.2737e-13
   336 1.1621e-03 6.5285e+01    6.6711e-03 1.1372e+01 1.7053e-13
   288 6.9248e-04 6.8993e+01    4.3952e-03 1.0870e+01 9.9476e-14
   240 4.1646e-04 6.6388e+01    2.3066e-03 1.1987e+01 4.2633e-14
   192 2.1447e-04 6.6004e+01    1.2099e-03 1.1700e+01 2.8422e-14
   144 9.3381e-05 6.3953e+01    4.3159e-04 1.3837e+01 2.8422e-14
    96 3.0883e-05 5.7296e+01    1.2182e-04 1.4525e+01 1.0658e-14
    48 5.9860e-06 3.6950e+01    1.0175e-05 2.1738e+01 5.3291e-15
];

% Maximum difference between reference and your implementation: 2.160050e-12.
