% number of repeats:% 3
% enter first, last, inc:% 48 1488 48 
data = [
%  n          reference      |         current implementation 
%        time       GFLOPS   |    time       GFLOPS     diff 
  1488 9.2849e-02 7.0968e+01    3.2842e-01 2.0064e+01 2.1600e-12
  1440 8.4088e-02 7.1021e+01    2.7562e-01 2.1667e+01 2.1032e-12
  1392 7.5226e-02 7.1710e+01    2.3865e-01 2.2604e+01 1.9327e-12
  1344 6.8436e-02 7.0949e+01    2.0218e-01 2.4015e+01 1.7621e-12
  1296 6.2308e-02 6.9872e+01    1.8036e-01 2.4138e+01 1.8190e-12
  1248 5.5219e-02 7.0403e+01    1.5617e-01 2.4894e+01 1.6485e-12
  1200 4.8276e-02 7.1588e+01    1.3397e-01 2.5797e+01 1.5348e-12
  1152 4.3174e-02 7.0821e+01    1.0195e-01 2.9991e+01 1.3642e-12
  1104 3.8751e-02 6.9448e+01    9.2602e-02 2.9061e+01 1.2506e-12
  1056 3.2942e-02 7.1494e+01    8.5932e-02 2.7407e+01 1.1937e-12
  1008 2.8923e-02 7.0821e+01    7.3959e-02 2.7696e+01 1.0232e-12
   960 2.4921e-02 7.1002e+01    5.9887e-02 2.9547e+01 1.0232e-12
   912 2.1648e-02 7.0081e+01    5.2239e-02 2.9041e+01 1.0800e-12
   864 1.8991e-02 6.7924e+01    4.8075e-02 2.6832e+01 8.5265e-13
   816 1.5989e-02 6.7965e+01    3.9010e-02 2.7857e+01 8.2423e-13
   768 1.3309e-02 6.8073e+01    2.9000e-02 3.1240e+01 7.1054e-13
   720 1.0379e-02 7.1922e+01    2.5964e-02 2.8751e+01 6.8212e-13
   672 8.5821e-03 7.0720e+01    1.8317e-02 3.3135e+01 5.6843e-13
   624 6.8406e-03 7.1038e+01    1.5512e-02 3.1326e+01 5.4001e-13
   576 5.6238e-03 6.7963e+01    1.1259e-02 3.3946e+01 4.8317e-13
   528 4.2004e-03 7.0088e+01    7.8075e-03 3.7707e+01 4.2633e-13
   480 3.1671e-03 6.9837e+01    5.2468e-03 4.2156e+01 3.1264e-13
   432 2.4532e-03 6.5729e+01    4.1607e-03 3.8754e+01 2.7001e-13
   384 1.7489e-03 6.4752e+01    2.6276e-03 4.3099e+01 2.2737e-13
   336 1.1521e-03 6.5852e+01    1.4761e-03 5.1396e+01 1.7053e-13
   288 7.1016e-04 6.7274e+01    1.0491e-03 4.5538e+01 9.9476e-14
   240 4.1078e-04 6.7306e+01    4.3615e-04 6.3391e+01 4.2633e-14
   192 2.1507e-04 6.5819e+01    3.0601e-04 4.6259e+01 2.8422e-14
   144 9.3099e-05 6.4146e+01    9.5258e-05 6.2693e+01 2.8422e-14
    96 3.0959e-05 5.7155e+01    2.8941e-05 6.1141e+01 1.0658e-14
    48 5.9830e-06 3.6969e+01    3.6560e-06 6.0499e+01 5.3291e-15
];

% Maximum difference between reference and your implementation: 2.160050e-12.
