% number of repeats:% 3
% enter first, last, inc:% 48 480 48 
data = [
%  n          reference      |         current implementation 
%        time       GFLOPS   |    time       GFLOPS     diff 
   480 4.0605e-03 5.4472e+01    7.9723e-02 2.7744e+00 3.5527e-13
   432 2.9570e-03 5.4529e+01    5.7772e-02 2.7910e+00 3.1264e-13
   384 2.1317e-03 5.3125e+01    4.0578e-02 2.7908e+00 1.9895e-13
   336 1.4333e-03 5.2929e+01    2.7148e-02 2.7945e+00 1.7053e-13
   288 9.0966e-04 5.2521e+01    1.7125e-02 2.7899e+00 1.1369e-13
   240 5.1753e-04 5.3423e+01    9.9170e-03 2.7879e+00 4.2633e-14
   192 2.6889e-04 5.2645e+01    5.0746e-03 2.7895e+00 2.8422e-14
   144 1.1738e-04 5.0875e+01    2.1397e-03 2.7910e+00 2.8422e-14
    96 3.9268e-05 4.5061e+01    6.3439e-04 2.7893e+00 1.4211e-14
    48 7.5440e-06 2.9319e+01    8.0671e-05 2.7418e+00 7.1054e-15
];

% Maximum difference between reference and your implementation: 3.552714e-13.
