% number of repeats:% 3
% enter first, last, inc:% 48 1488 48 
data = [
%  n          reference      |         current implementation 
%        time       GFLOPS   |    time       GFLOPS     diff 
  1488 9.4455e-02 6.9762e+01    3.4530e-01 1.9083e+01 2.1600e-12
  1440 8.3864e-02 7.1210e+01    2.8590e-01 2.0888e+01 2.1032e-12
  1392 7.4170e-02 7.2731e+01    2.5297e-01 2.1324e+01 1.9327e-12
  1344 6.9735e-02 6.9627e+01    2.1975e-01 2.2096e+01 1.7621e-12
  1296 6.1046e-02 7.1317e+01    2.1399e-01 2.0345e+01 1.8190e-12
  1248 5.4754e-02 7.1000e+01    1.7305e-01 2.2465e+01 1.6485e-12
  1200 4.7216e-02 7.3196e+01    1.7676e-01 1.9552e+01 1.5348e-12
  1152 4.3113e-02 7.0922e+01    1.3477e-01 2.2688e+01 1.3642e-12
  1104 3.8394e-02 7.0092e+01    1.2008e-01 2.2410e+01 1.2506e-12
  1056 3.3239e-02 7.0855e+01    1.1583e-01 2.0333e+01 1.1937e-12
  1008 2.9069e-02 7.0467e+01    8.9783e-02 2.2815e+01 1.0232e-12
   960 2.4519e-02 7.2167e+01    8.6419e-02 2.0475e+01 1.0232e-12
   912 2.1669e-02 7.0013e+01    7.3007e-02 2.0780e+01 1.0800e-12
   864 1.8270e-02 7.0604e+01    5.6791e-02 2.2714e+01 8.5265e-13
   816 1.5570e-02 6.9792e+01    5.1843e-02 2.0961e+01 8.2423e-13
   768 1.2467e-02 7.2669e+01    4.0877e-02 2.2163e+01 7.1054e-13
   720 1.0654e-02 7.0069e+01    3.1919e-02 2.3387e+01 6.8212e-13
   672 8.7055e-03 6.9718e+01    3.0664e-02 1.9793e+01 5.6843e-13
   624 7.0969e-03 6.8472e+01    2.8913e-02 1.6807e+01 5.4001e-13
   576 5.4399e-03 7.0259e+01    1.6868e-02 2.2658e+01 4.8317e-13
   528 4.0648e-03 7.2426e+01    1.2328e-02 2.3881e+01 4.2633e-13
   480 3.1308e-03 7.0647e+01    7.6216e-03 2.9021e+01 3.1264e-13
   432 2.3008e-03 7.0080e+01    5.1294e-03 3.1435e+01 2.7001e-13
   384 1.6538e-03 6.8478e+01    3.3695e-03 3.3609e+01 2.2737e-13
   336 1.1314e-03 6.7055e+01    2.0378e-03 3.7229e+01 1.7053e-13
   288 7.3650e-04 6.4868e+01    1.3844e-03 3.4510e+01 9.9476e-14
   240 4.1066e-04 6.7326e+01    7.3464e-04 3.7635e+01 4.2633e-14
   192 2.1288e-04 6.6497e+01    3.8606e-04 3.6668e+01 2.8422e-14
   144 9.3324e-05 6.3992e+01    1.5598e-04 3.8286e+01 2.8422e-14
    96 3.0870e-05 5.7320e+01    4.6557e-05 3.8007e+01 1.0658e-14
    48 5.9500e-06 3.7174e+01    4.8660e-06 4.5455e+01 5.3291e-15
];

% Maximum difference between reference and your implementation: 2.160050e-12.
