% number of repeats:% 3
% enter first, last, inc:% 48 1488 48 
data = [
%  n          reference      |         current implementation 
%        time       GFLOPS   |    time       GFLOPS     diff 
  1488 9.3193e-02 7.0706e+01    7.0312e-01 9.3716e+00 2.1600e-12
  1440 8.4142e-02 7.0975e+01    6.4464e-01 9.2640e+00 2.1032e-12
  1392 7.6373e-02 7.0633e+01    5.4564e-01 9.8865e+00 1.9327e-12
  1344 7.0213e-02 6.9153e+01    4.8244e-01 1.0064e+01 1.7621e-12
  1296 6.5949e-02 6.6014e+01    4.5815e-01 9.5025e+00 1.8190e-12
  1248 5.7022e-02 6.8175e+01    3.7374e-01 1.0402e+01 1.6485e-12
  1200 4.9319e-02 7.0074e+01    3.4284e-01 1.0081e+01 1.5348e-12
  1152 4.3384e-02 7.0479e+01    2.8823e-01 1.0608e+01 1.3642e-12
  1104 3.7882e-02 7.1040e+01    2.5880e-01 1.0399e+01 1.2506e-12
  1056 3.4465e-02 6.8335e+01    2.1751e-01 1.0828e+01 1.1937e-12
  1008 2.8507e-02 7.1856e+01    1.9806e-01 1.0342e+01 1.0232e-12
   960 2.4581e-02 7.1984e+01    1.5233e-01 1.1616e+01 1.0232e-12
   912 2.1130e-02 7.1799e+01    1.4187e-01 1.0693e+01 1.0800e-12
   864 1.8177e-02 7.0968e+01    1.2101e-01 1.0660e+01 8.5265e-13
   816 1.5258e-02 7.1219e+01    1.0304e-01 1.0546e+01 8.2423e-13
   768 1.2650e-02 7.1620e+01    9.1055e-02 9.9497e+00 7.1054e-13
   720 1.0507e-02 7.1047e+01    6.9587e-02 1.0728e+01 6.8212e-13
   672 8.6347e-03 7.0289e+01    6.0136e-02 1.0093e+01 5.6843e-13
   624 6.7486e-03 7.2007e+01    4.1443e-02 1.1725e+01 5.4001e-13
   576 5.5019e-03 6.9468e+01    3.0454e-02 1.2550e+01 4.8317e-13
   528 4.0594e-03 7.2522e+01    2.2586e-02 1.3034e+01 4.2633e-13
   480 3.1030e-03 7.1280e+01    1.6149e-02 1.3696e+01 3.1264e-13
   432 2.2705e-03 7.1017e+01    1.1255e-02 1.4327e+01 2.7001e-13
   384 1.6204e-03 6.9888e+01    8.0988e-03 1.3983e+01 2.2737e-13
   336 1.0769e-03 7.0452e+01    3.5913e-03 2.1125e+01 1.7053e-13
   288 6.8409e-04 6.9838e+01    3.2740e-03 1.4593e+01 9.9476e-14
   240 3.9047e-04 7.0807e+01    1.2547e-03 2.2036e+01 4.2633e-14
   192 2.1273e-04 6.6544e+01    9.5316e-04 1.4851e+01 2.8422e-14
   144 8.7812e-05 6.8009e+01    2.5840e-04 2.3111e+01 2.8422e-14
    96 3.0990e-05 5.7098e+01    6.9265e-05 2.5546e+01 1.0658e-14
    48 5.9050e-06 3.7457e+01    6.4850e-06 3.4107e+01 5.3291e-15
];

% Maximum difference between reference and your implementation: 2.160050e-12.
