% number of repeats:% 3
% enter first, last, inc:% 48 1488 48 
data = [
%  n          reference      |         current implementation 
%        time       GFLOPS   |    time       GFLOPS     diff 
  1488 9.1877e-02 7.1719e+01    2.4529e-01 2.6863e+01 2.1600e-12
  1440 8.4489e-02 7.0683e+01    2.1480e-01 2.7803e+01 2.1032e-12
  1392 7.4384e-02 7.2522e+01    2.0095e-01 2.6845e+01 1.9327e-12
  1344 6.7048e-02 7.2418e+01    1.7278e-01 2.8102e+01 1.7621e-12
  1296 5.9573e-02 7.3079e+01    1.7289e-01 2.5181e+01 1.8190e-12
  1248 5.5211e-02 7.0412e+01    1.4896e-01 2.6098e+01 1.6485e-12
  1200 4.7642e-02 7.2542e+01    1.2142e-01 2.8464e+01 1.5348e-12
  1152 4.2287e-02 7.2306e+01    1.0846e-01 2.8192e+01 1.3642e-12
  1104 3.8540e-02 6.9827e+01    9.1308e-02 2.9473e+01 1.2506e-12
  1056 3.2943e-02 7.1491e+01    9.0128e-02 2.6131e+01 1.1937e-12
  1008 2.9387e-02 6.9703e+01    7.4827e-02 2.7375e+01 1.0232e-12
   960 2.4310e-02 7.2789e+01    6.5093e-02 2.7184e+01 1.0232e-12
   912 2.1375e-02 7.0975e+01    6.0912e-02 2.4906e+01 1.0800e-12
   864 1.8210e-02 7.0839e+01    4.6783e-02 2.7573e+01 8.5265e-13
   816 1.4864e-02 7.3106e+01    3.8609e-02 2.8145e+01 8.2423e-13
   768 1.3069e-02 6.9321e+01    2.9002e-02 3.1238e+01 7.1054e-13
   720 1.0276e-02 7.2643e+01    2.5357e-02 2.9440e+01 6.8212e-13
   672 8.3015e-03 7.3111e+01    2.0823e-02 2.9146e+01 5.6843e-13
   624 6.5847e-03 7.3799e+01    1.6876e-02 2.8795e+01 5.4001e-13
   576 5.3957e-03 7.0836e+01    1.2984e-02 2.9437e+01 4.8317e-13
   528 4.1037e-03 7.1739e+01    9.1079e-03 3.2323e+01 4.2633e-13
   480 3.0418e-03 7.2714e+01    6.1834e-03 3.5771e+01 3.1264e-13
   432 2.2382e-03 7.2043e+01    4.2029e-03 3.8365e+01 2.7001e-13
   384 1.5718e-03 7.2047e+01    2.8469e-03 3.9778e+01 2.2737e-13
   336 1.0803e-03 7.0230e+01    1.8541e-03 4.0918e+01 1.7053e-13
   288 6.9388e-04 6.8853e+01    1.1537e-03 4.1411e+01 9.9476e-14
   240 4.0220e-04 6.8741e+01    5.8099e-04 4.7587e+01 4.2633e-14
   192 2.0666e-04 6.8497e+01    3.0365e-04 4.6618e+01 2.8422e-14
   144 9.2926e-05 6.4266e+01    1.1876e-04 5.0288e+01 2.8422e-14
    96 3.0984e-05 5.7109e+01    3.4874e-05 5.0739e+01 1.0658e-14
    48 5.9520e-06 3.7161e+01    3.8830e-06 5.6962e+01 5.3291e-15
];

% Maximum difference between reference and your implementation: 2.160050e-12.
