% number of repeats:% 3
% enter first, last, inc:% 48 1488 48 
data = [
%  n          reference      |         current implementation 
%        time       GFLOPS   |    time       GFLOPS     diff 
  1488 9.5084e-02 6.9300e+01    2.2393e-01 2.9426e+01 2.1600e-12
  1440 8.8201e-02 6.7708e+01    1.6876e-01 3.5388e+01 2.1032e-12
  1392 7.8799e-02 6.8459e+01    1.4442e-01 3.7352e+01 1.9327e-12
  1344 6.8156e-02 7.1240e+01    1.3111e-01 3.7034e+01 1.7621e-12
  1296 6.1503e-02 7.0786e+01    1.1443e-01 3.8047e+01 1.8190e-12
  1248 5.4889e-02 7.0825e+01    1.0090e-01 3.8529e+01 1.6485e-12
  1200 4.8538e-02 7.1202e+01    8.9173e-02 3.8756e+01 1.5348e-12
  1152 4.3739e-02 6.9906e+01    8.3860e-02 3.6461e+01 1.3642e-12
  1104 3.7940e-02 7.0932e+01    6.8256e-02 3.9427e+01 1.2506e-12
  1056 3.3495e-02 7.0315e+01    6.0685e-02 3.8810e+01 1.1937e-12
  1008 2.9093e-02 7.0409e+01    5.0861e-02 4.0274e+01 1.0232e-12
   960 2.5618e-02 6.9071e+01    4.6369e-02 3.8161e+01 1.0232e-12
   912 2.1815e-02 6.9545e+01    3.7155e-02 4.0831e+01 1.0800e-12
   864 1.8426e-02 7.0008e+01    3.2268e-02 3.9976e+01 8.5265e-13
   816 1.5931e-02 6.8212e+01    2.7788e-02 3.9107e+01 8.2423e-13
   768 1.2703e-02 7.1320e+01    2.1135e-02 4.2866e+01 7.1054e-13
   720 1.0644e-02 7.0132e+01    1.8060e-02 4.1335e+01 6.8212e-13
   672 8.6970e-03 6.9786e+01    1.4984e-02 4.0504e+01 5.6843e-13
   624 7.1396e-03 6.8063e+01    1.1685e-02 4.1588e+01 5.4001e-13
   576 5.5531e-03 6.8827e+01    8.9340e-03 4.2781e+01 4.8317e-13
   528 4.3335e-03 6.7935e+01    6.5913e-03 4.4664e+01 4.2633e-13
   480 3.3135e-03 6.6752e+01    4.7226e-03 4.6836e+01 3.1264e-13
   432 2.4267e-03 6.6444e+01    3.1049e-03 5.1932e+01 2.7001e-13
   384 1.7727e-03 6.3883e+01    2.1957e-03 5.1577e+01 2.2737e-13
   336 1.1798e-03 6.4307e+01    1.3850e-03 5.4777e+01 1.7053e-13
   288 7.5044e-04 6.3664e+01    8.8052e-04 5.4258e+01 9.9476e-14
   240 4.2700e-04 6.4749e+01    4.9192e-04 5.6204e+01 4.2633e-14
   192 2.2194e-04 6.3781e+01    2.5498e-04 5.5517e+01 2.8422e-14
   144 9.7202e-05 6.1439e+01    1.0116e-04 5.9037e+01 2.8422e-14
    96 3.2293e-05 5.4794e+01    3.0505e-05 5.8006e+01 1.0658e-14
    48 6.2430e-06 3.5429e+01    4.2430e-06 5.2129e+01 5.3291e-15
];

% Maximum difference between reference and your implementation: 2.160050e-12.
