% number of repeats:% 3
% enter first, last, inc:% 48 1488 48 
data = [
%  n          reference      |         current implementation 
%        time       GFLOPS   |    time       GFLOPS     diff 
  1488 9.2659e-02 7.1113e+01    1.9260e-01 3.4212e+01 2.1600e-12
  1440 8.5065e-02 7.0205e+01    1.6690e-01 3.5781e+01 2.1032e-12
  1392 7.5824e-02 7.1145e+01    1.5106e-01 3.5711e+01 1.9327e-12
  1344 7.0310e-02 6.9058e+01    1.3786e-01 3.5221e+01 1.7621e-12
  1296 6.2275e-02 6.9909e+01    1.1245e-01 3.8715e+01 1.8190e-12
  1248 5.3168e-02 7.3118e+01    1.0182e-01 3.8181e+01 1.6485e-12
  1200 4.8497e-02 7.1262e+01    8.9594e-02 3.8574e+01 1.5348e-12
  1152 4.3025e-02 7.1067e+01    8.3763e-02 3.6504e+01 1.3642e-12
  1104 3.7791e-02 7.1210e+01    7.0313e-02 3.8274e+01 1.2506e-12
  1056 3.2828e-02 7.1742e+01    6.1983e-02 3.7997e+01 1.1937e-12
  1008 2.8990e-02 7.0658e+01    5.4211e-02 3.7785e+01 1.0232e-12
   960 2.4914e-02 7.1023e+01    4.5319e-02 3.9045e+01 1.0232e-12
   912 2.1695e-02 6.9930e+01    3.9135e-02 3.8766e+01 1.0800e-12
   864 1.8351e-02 7.0292e+01    3.3580e-02 3.8414e+01 8.5265e-13
   816 1.5606e-02 6.9630e+01    2.7809e-02 3.9076e+01 8.2423e-13
   768 1.2656e-02 7.1583e+01    2.4293e-02 3.7293e+01 7.1054e-13
   720 1.0570e-02 7.0623e+01    1.8561e-02 4.0219e+01 6.8212e-13
   672 8.3866e-03 7.2369e+01    1.4865e-02 4.0830e+01 5.6843e-13
   624 6.9439e-03 6.9981e+01    1.2091e-02 4.0191e+01 5.4001e-13
   576 5.3225e-03 7.1810e+01    9.0513e-03 4.2227e+01 4.8317e-13
   528 4.0525e-03 7.2646e+01    6.4503e-03 4.5641e+01 4.2633e-13
   480 3.0421e-03 7.2707e+01    4.7223e-03 4.6838e+01 3.1264e-13
   432 2.3111e-03 6.9769e+01    3.4389e-03 4.6888e+01 2.7001e-13
   384 1.6282e-03 6.9551e+01    2.4045e-03 4.7097e+01 2.2737e-13
   336 1.0944e-03 6.9323e+01    1.6153e-03 4.6969e+01 1.7053e-13
   288 6.9132e-04 6.9108e+01    9.8991e-04 4.8263e+01 9.9476e-14
   240 4.1300e-04 6.6944e+01    5.8245e-04 4.7468e+01 4.2633e-14
   192 2.1192e-04 6.6799e+01    3.0375e-04 4.6603e+01 2.8422e-14
   144 9.2575e-05 6.4510e+01    1.2639e-04 4.7250e+01 2.8422e-14
    96 3.0899e-05 5.7266e+01    3.7284e-05 4.7459e+01 1.0658e-14
    48 5.9840e-06 3.6963e+01    4.5760e-06 4.8336e+01 5.3291e-15
];

% Maximum difference between reference and your implementation: 2.160050e-12.
