% number of repeats:% 3
% enter first, last, inc:% 48 1488 48 
data = [
%  n          reference      |         current implementation 
%        time       GFLOPS   |    time       GFLOPS     diff 
  1488 9.3921e-02 7.0158e+01    5.3472e-01 1.2323e+01 2.1600e-12
  1440 8.6493e-02 6.9045e+01    4.6287e-01 1.2902e+01 2.1032e-12
  1392 7.7182e-02 6.9892e+01    4.1248e-01 1.3078e+01 1.9327e-12
  1344 6.9252e-02 7.0112e+01    3.5950e-01 1.3506e+01 1.7621e-12
  1296 6.1435e-02 7.0864e+01    3.5651e-01 1.2212e+01 1.8190e-12
  1248 5.4476e-02 7.1362e+01    3.0945e-01 1.2563e+01 1.6485e-12
  1200 4.9707e-02 6.9528e+01    2.6922e-01 1.2837e+01 1.5348e-12
  1152 4.3941e-02 6.9586e+01    2.9134e-01 1.0495e+01 1.3642e-12
  1104 3.8463e-02 6.9968e+01    2.0886e-01 1.2885e+01 1.2506e-12
  1056 3.3205e-02 7.0929e+01    1.8071e-01 1.3033e+01 1.1937e-12
  1008 2.8920e-02 7.0829e+01    1.5297e-01 1.3390e+01 1.0232e-12
   960 2.5369e-02 6.9750e+01    1.3423e-01 1.3182e+01 1.0232e-12
   912 2.1404e-02 7.0879e+01    1.1448e-01 1.3252e+01 1.0800e-12
   864 1.8574e-02 6.9450e+01    1.0537e-01 1.2243e+01 8.5265e-13
   816 1.5604e-02 6.9643e+01    8.2006e-02 1.3251e+01 8.2423e-13
   768 1.2487e-02 7.2553e+01    8.2338e-02 1.1003e+01 7.1054e-13
   720 1.0565e-02 7.0655e+01    5.5888e-02 1.3357e+01 6.8212e-13
   672 8.3563e-03 7.2631e+01    4.2312e-02 1.4344e+01 5.6843e-13
   624 6.9329e-03 7.0092e+01    3.3004e-02 1.4724e+01 5.4001e-13
   576 5.5568e-03 6.8781e+01    2.6784e-02 1.4270e+01 4.8317e-13
   528 4.1109e-03 7.1613e+01    1.9027e-02 1.5473e+01 4.2633e-13
   480 3.0434e-03 7.2675e+01    1.2287e-02 1.8001e+01 3.1264e-13
   432 2.2358e-03 7.2120e+01    8.6393e-03 1.8664e+01 2.7001e-13
   384 1.5842e-03 7.1487e+01    5.9921e-03 1.8899e+01 2.2737e-13
   336 1.1197e-03 6.7753e+01    3.9508e-03 1.9203e+01 1.7053e-13
   288 7.3259e-04 6.5215e+01    2.4805e-03 1.9261e+01 9.9476e-14
   240 4.0665e-04 6.7990e+01    1.2446e-03 2.2214e+01 4.2633e-14
   192 2.5821e-04 5.4823e+01    6.6220e-04 2.1377e+01 2.8422e-14
   144 9.3142e-05 6.4117e+01    2.3749e-04 2.5146e+01 2.8422e-14
    96 3.0907e-05 5.7251e+01    6.8811e-05 2.5715e+01 1.0658e-14
    48 5.9890e-06 3.6932e+01    5.9180e-06 3.7375e+01 5.3291e-15
];

% Maximum difference between reference and your implementation: 2.160050e-12.
