% number of repeats:% 3
% enter first, last, inc:% 48 480 48 
data = [
%  n          reference      |         current implementation 
%        time       GFLOPS   |    time       GFLOPS     diff 
   480 4.0698e-03 5.4348e+01    8.0639e-02 2.7429e+00 3.5527e-13
   432 2.9791e-03 5.4125e+01    5.1328e-02 3.1414e+00 3.1264e-13
   384 2.1133e-03 5.3587e+01    4.0835e-02 2.7732e+00 1.9895e-13
   336 1.4286e-03 5.3103e+01    2.0378e-02 3.7230e+00 1.7053e-13
   288 9.1070e-04 5.2460e+01    1.6419e-02 2.9099e+00 1.1369e-13
   240 5.1877e-04 5.3296e+01    7.1792e-03 3.8511e+00 4.2633e-14
   192 2.6878e-04 5.2666e+01    4.6217e-03 3.0629e+00 2.8422e-14
   144 1.1762e-04 5.0774e+01    1.3283e-03 4.4959e+00 2.8422e-14
    96 4.9366e-05 3.5844e+01    3.8516e-04 4.5941e+00 1.4211e-14
    48 7.5590e-06 2.9261e+01    4.0347e-05 5.4820e+00 7.1054e-15
];

% Maximum difference between reference and your implementation: 3.552714e-13.
