% number of repeats:% 3
% enter first, last, inc:% 48 1488 48 
data = [
%  n          reference      |         current implementation 
%        time       GFLOPS   |    time       GFLOPS     diff 
  1488 9.1632e-02 7.1911e+01    2.5236e-01 2.6111e+01 2.1600e-12
  1440 8.4940e-02 7.0308e+01    2.2950e-01 2.6022e+01 2.1032e-12
  1392 7.5405e-02 7.1540e+01    1.8100e-01 2.9804e+01 1.9327e-12
  1344 6.8874e-02 7.0497e+01    1.5881e-01 3.0574e+01 1.7621e-12
  1296 6.0566e-02 7.1881e+01    1.4890e-01 2.9239e+01 1.8190e-12
  1248 5.5419e-02 7.0149e+01    1.3813e-01 2.8144e+01 1.6485e-12
  1200 4.8656e-02 7.1029e+01    1.1732e-01 2.9458e+01 1.5348e-12
  1152 4.3475e-02 7.0331e+01    1.0513e-01 2.9084e+01 1.3642e-12
  1104 3.7811e-02 7.1173e+01    8.9133e-02 3.0193e+01 1.2506e-12
  1056 3.7653e-02 6.2550e+01    8.0675e-02 2.9193e+01 1.1937e-12
  1008 2.9883e-02 6.8547e+01    6.7586e-02 3.0308e+01 1.0232e-12
   960 2.5400e-02 6.9664e+01    5.4635e-02 3.2387e+01 1.0232e-12
   912 2.0959e-02 7.2385e+01    4.8714e-02 3.1143e+01 1.0800e-12
   864 1.8755e-02 6.8780e+01    4.3130e-02 2.9909e+01 8.5265e-13
   816 1.5563e-02 6.9826e+01    3.5850e-02 3.0312e+01 8.2423e-13
   768 1.3272e-02 6.8264e+01    2.6044e-02 3.4786e+01 7.1054e-13
   720 1.0973e-02 6.8029e+01    2.3862e-02 3.1284e+01 6.8212e-13
   672 8.5073e-03 7.1342e+01    1.9997e-02 3.0351e+01 5.6843e-13
   624 6.9186e-03 7.0237e+01    1.5707e-02 3.0939e+01 5.4001e-13
   576 5.5112e-03 6.9351e+01    1.0953e-02 3.4896e+01 4.8317e-13
   528 4.2617e-03 6.9080e+01    8.2030e-03 3.5889e+01 4.2633e-13
   480 3.1747e-03 6.9672e+01    5.2293e-03 4.2297e+01 3.1264e-13
   432 2.3661e-03 6.8146e+01    3.7145e-03 4.3409e+01 2.7001e-13
   384 1.7245e-03 6.5670e+01    2.5216e-03 4.4911e+01 2.2737e-13
   336 1.1551e-03 6.5678e+01    1.6568e-03 4.5792e+01 1.7053e-13
   288 7.3299e-04 6.5180e+01    1.0745e-03 4.4464e+01 9.9476e-14
   240 4.1784e-04 6.6168e+01    5.7676e-04 4.7937e+01 4.2633e-14
   192 2.1805e-04 6.4920e+01    3.0006e-04 4.7176e+01 2.8422e-14
   144 9.5104e-05 6.2794e+01    1.1810e-04 5.0568e+01 2.8422e-14
    96 3.1535e-05 5.6111e+01    3.5340e-05 5.0070e+01 1.0658e-14
    48 6.0530e-06 3.6541e+01    4.5120e-06 4.9021e+01 5.3291e-15
];

% Maximum difference between reference and your implementation: 2.160050e-12.
