% number of repeats:% 3
% enter first, last, inc:% 48 480 48 
data = [
%  n          reference      |         current implementation 
%        time       GFLOPS   |    time       GFLOPS     diff 
   480 4.0680e-03 5.4372e+01    8.1885e-02 2.7012e+00 3.5527e-13
   432 2.9662e-03 5.4360e+01    5.9235e-02 2.7221e+00 3.1264e-13
   384 2.1005e-03 5.3913e+01    4.1642e-02 2.7195e+00 1.9895e-13
   336 1.4322e-03 5.2972e+01    2.7899e-02 2.7194e+00 1.7053e-13
   288 9.1138e-04 5.2421e+01    1.7559e-02 2.7209e+00 1.1369e-13
   240 5.2012e-04 5.3156e+01    1.0269e-02 2.6923e+00 4.2633e-14
   192 2.6840e-04 5.2742e+01    5.1982e-03 2.7232e+00 2.8422e-14
   144 1.1758e-04 5.0789e+01    2.1973e-03 2.7179e+00 2.8422e-14
    96 3.9238e-05 4.5096e+01    6.4996e-04 2.7224e+00 1.4211e-14
    48 7.5100e-06 2.9452e+01    8.1953e-05 2.6989e+00 7.1054e-15
];

% Maximum difference between reference and your implementation: 3.552714e-13.
