% number of repeats:% 3
% enter first, last, inc:% 48 1488 48 
data = [
%  n          reference      |         current implementation 
%        time       GFLOPS   |    time       GFLOPS     diff 
  1488 1.1972e-01 5.5038e+01    5.1820e-01 1.2716e+01 2.1600e-12
  1440 1.0703e-01 5.5797e+01    4.6891e-01 1.2736e+01 2.1032e-12
  1392 9.7327e-02 5.5426e+01    4.2168e-01 1.2793e+01 1.9327e-12
  1344 8.7334e-02 5.5596e+01    3.8848e-01 1.2498e+01 1.7621e-12
  1296 7.9058e-02 5.5068e+01    3.4289e-01 1.2697e+01 1.8758e-12
  1248 6.9941e-02 5.5583e+01    3.0397e-01 1.2789e+01 1.5916e-12
  1200 6.2363e-02 5.5418e+01    2.6967e-01 1.2816e+01 1.5348e-12
  1152 5.5248e-02 5.5344e+01    2.5042e-01 1.2210e+01 1.4211e-12
  1104 4.8771e-02 5.5179e+01    2.0971e-01 1.2832e+01 1.3074e-12
  1056 4.2651e-02 5.5219e+01    1.8528e-01 1.2712e+01 1.1937e-12
  1008 3.7212e-02 5.5047e+01    1.6099e-01 1.2724e+01 1.0232e-12
   960 3.1988e-02 5.5317e+01    1.3835e-01 1.2790e+01 9.9476e-13
   912 2.7396e-02 5.5376e+01    1.1872e-01 1.2779e+01 1.0800e-12
   864 2.3461e-02 5.4982e+01    1.0097e-01 1.2776e+01 8.5265e-13
   816 1.9977e-02 5.4395e+01    8.4779e-02 1.2818e+01 7.9581e-13
   768 1.6456e-02 5.5055e+01    8.8609e-02 1.0224e+01 7.3896e-13
   720 1.3562e-02 5.5045e+01    5.8258e-02 1.2814e+01 6.8212e-13
   672 1.1080e-02 5.4778e+01    4.7506e-02 1.2776e+01 5.9686e-13
   624 8.9842e-03 5.4088e+01    3.7787e-02 1.2860e+01 5.4001e-13
   576 7.0790e-03 5.3992e+01    2.9786e-02 1.2832e+01 4.8317e-13
   528 5.4000e-03 5.4518e+01    2.3321e-02 1.2624e+01 4.2633e-13
   480 4.0535e-03 5.4566e+01    1.7258e-02 1.2816e+01 3.1264e-13
   432 2.9557e-03 5.4554e+01    1.2427e-02 1.2975e+01 2.7001e-13
   384 2.1132e-03 5.3590e+01    9.1700e-03 1.2350e+01 2.2737e-13
   336 1.4299e-03 5.3058e+01    5.9319e-03 1.2790e+01 1.7053e-13
   288 9.0671e-04 5.2691e+01    3.7119e-03 1.2871e+01 1.1369e-13
   240 5.1686e-04 5.3492e+01    2.1264e-03 1.3002e+01 4.2633e-14
   192 2.6854e-04 5.2714e+01    1.0974e-03 1.2899e+01 3.5527e-14
   144 1.1752e-04 5.0818e+01    4.7386e-04 1.2603e+01 2.8422e-14
    96 3.9179e-05 4.5164e+01    1.4052e-04 1.2592e+01 1.4211e-14
    48 7.5690e-06 2.9222e+01    1.7469e-05 1.2662e+01 7.1054e-15
];

% Maximum difference between reference and your implementation: 2.160050e-12.
