% number of repeats:% 3
% enter first, last, inc:% 48 1488 48 
data = [
%  n          reference      |         current implementation 
%        time       GFLOPS   |    time       GFLOPS     diff 
  1488 1.1995e-01 5.4932e+01    5.1359e-01 1.2830e+01 2.1600e-12
  1440 1.0690e-01 5.5866e+01    4.6837e-01 1.2751e+01 2.1032e-12
  1392 9.6880e-02 5.5682e+01    4.1723e-01 1.2929e+01 1.9327e-12
  1344 8.7382e-02 5.5566e+01    3.7961e-01 1.2791e+01 1.7621e-12
  1296 7.8799e-02 5.5249e+01    3.3776e-01 1.2890e+01 1.8758e-12
  1248 6.9712e-02 5.5765e+01    3.0060e-01 1.2933e+01 1.5916e-12
  1200 6.2024e-02 5.5720e+01    2.6709e-01 1.2939e+01 1.5348e-12
  1152 5.5046e-02 5.5547e+01    2.5040e-01 1.2211e+01 1.4211e-12
  1104 4.8671e-02 5.5293e+01    2.0788e-01 1.2946e+01 1.3074e-12
  1056 4.2653e-02 5.5217e+01    1.8389e-01 1.2808e+01 1.1937e-12
  1008 3.6841e-02 5.5601e+01    1.5954e-01 1.2840e+01 1.0232e-12
   960 3.1915e-02 5.5443e+01    1.3727e-01 1.2890e+01 9.9476e-13
   912 2.7382e-02 5.5406e+01    1.1818e-01 1.2837e+01 1.0800e-12
   864 2.3330e-02 5.5292e+01    9.9967e-02 1.2904e+01 8.5265e-13
   816 1.9644e-02 5.5319e+01    8.3988e-02 1.2938e+01 7.9581e-13
   768 1.6315e-02 5.5531e+01    8.8006e-02 1.0294e+01 7.3896e-13
   720 1.3410e-02 5.5667e+01    5.7707e-02 1.2936e+01 6.8212e-13
   672 1.0949e-02 5.5431e+01    4.6994e-02 1.2915e+01 5.9686e-13
   624 8.7813e-03 5.5338e+01    3.7407e-02 1.2991e+01 5.4001e-13
   576 7.0070e-03 5.4547e+01    2.9433e-02 1.2986e+01 4.8317e-13
   528 5.3743e-03 5.4779e+01    2.3132e-02 1.2727e+01 4.2633e-13
   480 4.0251e-03 5.4951e+01    1.7093e-02 1.2940e+01 3.1264e-13
   432 2.9745e-03 5.4208e+01    1.2361e-02 1.3045e+01 2.7001e-13
   384 2.1139e-03 5.3571e+01    9.1783e-03 1.2338e+01 2.2737e-13
   336 1.4279e-03 5.3131e+01    5.8925e-03 1.2875e+01 1.7053e-13
   288 9.1114e-04 5.2435e+01    3.6968e-03 1.2923e+01 1.1369e-13
   240 5.1476e-04 5.3710e+01    2.1120e-03 1.3091e+01 4.2633e-14
   192 2.6813e-04 5.2795e+01    1.0964e-03 1.2911e+01 3.5527e-14
   144 1.1802e-04 5.0600e+01    4.7402e-04 1.2599e+01 2.8422e-14
    96 3.9210e-05 4.5128e+01    1.3989e-04 1.2649e+01 1.4211e-14
    48 7.5930e-06 2.9130e+01    1.7264e-05 1.2812e+01 7.1054e-15
];

% Maximum difference between reference and your implementation: 2.160050e-12.
