% number of repeats:% 3
% enter first, last, inc:% 48 1488 48 
data = [
%  n          reference      |         current implementation 
%        time       GFLOPS   |    time       GFLOPS     diff 
  1488 9.7259e-02 6.7750e+01    3.9359e-01 1.6741e+01 2.1600e-12
  1440 8.7395e-02 6.8333e+01    3.3623e-01 1.7761e+01 2.1032e-12
  1392 7.9505e-02 6.7851e+01    2.9655e-01 1.8191e+01 1.9327e-12
  1344 7.1277e-02 6.8121e+01    2.4628e-01 1.9715e+01 1.7621e-12
  1296 6.5102e-02 6.6873e+01    2.2435e-01 1.9405e+01 1.8190e-12
  1248 5.5593e-02 6.9929e+01    1.9644e-01 1.9789e+01 1.6485e-12
  1200 5.2790e-02 6.5467e+01    1.7104e-01 2.0205e+01 1.5348e-12
  1152 4.4129e-02 6.9289e+01    1.5742e-01 1.9424e+01 1.3642e-12
  1104 3.9463e-02 6.8194e+01    1.3326e-01 2.0195e+01 1.2506e-12
  1056 3.6514e-02 6.4500e+01    1.1434e-01 2.0598e+01 1.1937e-12
  1008 2.9498e-02 6.9441e+01    9.7043e-02 2.1108e+01 1.0232e-12
   960 2.5954e-02 6.8178e+01    8.3867e-02 2.1098e+01 1.0232e-12
   912 2.2086e-02 6.8691e+01    7.4823e-02 2.0276e+01 1.0800e-12
   864 1.8650e-02 6.9165e+01    6.1621e-02 2.0934e+01 8.5265e-13
   816 1.5480e-02 7.0199e+01    5.3458e-02 2.0328e+01 8.2423e-13
   768 1.3426e-02 6.7478e+01    4.0232e-02 2.2518e+01 7.1054e-13
   720 1.1242e-02 6.6405e+01    3.5154e-02 2.1235e+01 6.8212e-13
   672 9.3450e-03 6.4947e+01    2.8401e-02 2.1370e+01 5.6843e-13
   624 6.8755e-03 7.0677e+01    2.1867e-02 2.2222e+01 5.4001e-13
   576 5.4413e-03 7.0242e+01    1.5087e-02 2.5333e+01 4.8317e-13
   528 4.3563e-03 6.7580e+01    1.0247e-02 2.8730e+01 4.2633e-13
   480 3.0675e-03 7.2106e+01    7.1859e-03 3.0780e+01 3.1264e-13
   432 2.2223e-03 7.2557e+01    4.9850e-03 3.2346e+01 2.7001e-13
   384 1.5782e-03 7.1758e+01    3.2870e-03 3.4452e+01 2.2737e-13
   336 1.1108e-03 6.8297e+01    2.1424e-03 3.5411e+01 1.7053e-13
   288 7.1506e-04 6.6813e+01    1.3687e-03 3.4905e+01 9.9476e-14
   240 4.1162e-04 6.7169e+01    7.2706e-04 3.8027e+01 4.2633e-14
   192 2.0670e-04 6.8486e+01    3.7916e-04 3.7334e+01 2.8422e-14
   144 9.1146e-05 6.5521e+01    1.5235e-04 3.9198e+01 2.8422e-14
    96 3.0891e-05 5.7281e+01    4.5266e-05 3.9091e+01 1.0658e-14
    48 5.9250e-06 3.7331e+01    4.9370e-06 4.4801e+01 5.3291e-15
];

% Maximum difference between reference and your implementation: 2.160050e-12.
