% number of repeats:% 3
% enter first, last, inc:% 48 1488 48 
data = [
%  n          reference      |         current implementation 
%        time       GFLOPS   |    time       GFLOPS     diff 
  1488 9.3835e-02 7.0222e+01    1.8608e-01 3.5410e+01 2.1600e-12
  1440 8.5815e-02 6.9591e+01    1.6951e-01 3.5231e+01 2.1032e-12
  1392 7.6891e-02 7.0157e+01    1.5430e-01 3.4960e+01 1.9327e-12
  1344 6.9176e-02 7.0189e+01    1.3416e-01 3.6193e+01 1.7621e-12
  1296 6.1874e-02 7.0361e+01    1.1625e-01 3.7452e+01 1.8190e-12
  1248 5.4767e-02 7.0983e+01    1.0066e-01 3.8620e+01 1.6485e-12
  1200 4.7894e-02 7.2159e+01    8.9545e-02 3.8595e+01 1.5348e-12
  1152 4.3946e-02 6.9578e+01    7.8912e-02 3.8748e+01 1.3642e-12
  1104 3.8331e-02 7.0208e+01    6.9456e-02 3.8746e+01 1.2506e-12
  1056 3.3900e-02 6.9473e+01    6.1343e-02 3.8393e+01 1.1937e-12
  1008 2.8979e-02 7.0685e+01    5.2957e-02 3.8680e+01 1.0232e-12
   960 2.5207e-02 7.0197e+01    4.4973e-02 3.9345e+01 1.0232e-12
   912 2.1591e-02 7.0265e+01    3.6903e-02 4.1111e+01 1.0800e-12
   864 1.9266e-02 6.6954e+01    3.1483e-02 4.0973e+01 8.5265e-13
   816 1.5850e-02 6.8561e+01    2.6919e-02 4.0368e+01 8.2423e-13
   768 1.3025e-02 6.9555e+01    2.0013e-02 4.5269e+01 7.1054e-13
   720 1.0618e-02 7.0303e+01    1.8903e-02 3.9491e+01 6.8212e-13
   672 9.0813e-03 6.6833e+01    1.3653e-02 4.4454e+01 5.6843e-13
   624 6.8788e-03 7.0644e+01    1.0979e-02 4.4261e+01 5.4001e-13
   576 5.4686e-03 6.9891e+01    8.2401e-03 4.6384e+01 4.8317e-13
   528 4.2204e-03 6.9755e+01    6.0887e-03 4.8351e+01 4.2633e-13
   480 3.1984e-03 6.9155e+01    4.4551e-03 4.9647e+01 3.1264e-13
   432 2.2729e-03 7.0941e+01    3.1085e-03 5.1871e+01 2.7001e-13
   384 1.6419e-03 6.8975e+01    2.1404e-03 5.2910e+01 2.2737e-13
   336 1.0848e-03 6.9934e+01    1.4477e-03 5.2403e+01 1.7053e-13
   288 6.8340e-04 6.9909e+01    8.7656e-04 5.4503e+01 9.9476e-14
   240 4.0642e-04 6.8028e+01    4.9076e-04 5.6337e+01 4.2633e-14
   192 1.9994e-04 7.0799e+01    2.6222e-04 5.3984e+01 2.8422e-14
   144 9.3311e-05 6.4001e+01    1.0671e-04 5.5962e+01 2.8422e-14
    96 3.1128e-05 5.6845e+01    3.2844e-05 5.3875e+01 1.0658e-14
    48 5.9650e-06 3.7080e+01    4.8310e-06 4.5784e+01 5.3291e-15
];

% Maximum difference between reference and your implementation: 2.160050e-12.
