% number of repeats:% 3
% enter first, last, inc:% 48 1488 48 
data = [
%  n          reference      |         current implementation 
%        time       GFLOPS   |    time       GFLOPS     diff 
  1488 9.5661e-02 6.8881e+01    1.9375e-01 3.4010e+01 2.1600e-12
  1440 8.4872e-02 7.0365e+01    1.6744e-01 3.5666e+01 2.1032e-12
  1392 7.4633e-02 7.2280e+01    1.4959e-01 3.6061e+01 1.9327e-12
  1344 6.7519e-02 7.1912e+01    1.4346e-01 3.3845e+01 1.7621e-12
  1296 6.0402e-02 7.2076e+01    1.2014e-01 3.6239e+01 1.8190e-12
  1248 5.3975e-02 7.2025e+01    1.0824e-01 3.5915e+01 1.6485e-12
  1200 4.9224e-02 7.0209e+01    9.7076e-02 3.5601e+01 1.5348e-12
  1152 4.3898e-02 6.9653e+01    9.4231e-02 3.2448e+01 1.3642e-12
  1104 3.7070e-02 7.2596e+01    7.2365e-02 3.7188e+01 1.2506e-12
  1056 3.3096e-02 7.1162e+01    6.5777e-02 3.5805e+01 1.1937e-12
  1008 2.9128e-02 7.0323e+01    5.7263e-02 3.5772e+01 1.0232e-12
   960 2.4785e-02 7.1393e+01    5.0670e-02 3.4922e+01 1.0232e-12
   912 2.1515e-02 7.0515e+01    4.2276e-02 3.5885e+01 1.0800e-12
   864 1.8237e-02 7.0733e+01    3.5685e-02 3.6148e+01 8.5265e-13
   816 1.5665e-02 6.9371e+01    3.0224e-02 3.5954e+01 8.2423e-13
   768 1.2763e-02 7.0985e+01    2.7183e-02 3.3329e+01 7.1054e-13
   720 1.0309e-02 7.2410e+01    1.9984e-02 3.7355e+01 6.8212e-13
   672 8.6569e-03 7.0110e+01    1.6530e-02 3.6718e+01 5.6843e-13
   624 6.8433e-03 7.1010e+01    1.2948e-02 3.7529e+01 5.4001e-13
   576 5.4512e-03 7.0114e+01    1.0783e-02 3.5445e+01 4.8317e-13
   528 4.2459e-03 6.9336e+01    7.8136e-03 3.7677e+01 4.2633e-13
   480 3.2380e-03 6.8308e+01    5.9579e-03 3.7124e+01 3.1264e-13
   432 2.3879e-03 6.7525e+01    4.2269e-03 3.8146e+01 2.7001e-13
   384 1.6768e-03 6.7539e+01    3.2403e-03 3.4949e+01 2.2737e-13
   336 1.1564e-03 6.5606e+01    1.9488e-03 3.8930e+01 1.7053e-13
   288 7.2039e-04 6.6320e+01    1.2708e-03 3.7596e+01 9.9476e-14
   240 4.1870e-04 6.6033e+01    7.1659e-04 3.8583e+01 4.2633e-14
   192 2.1816e-04 6.4887e+01    3.9456e-04 3.5877e+01 2.8422e-14
   144 9.4984e-05 6.2873e+01    1.5106e-04 3.9535e+01 2.8422e-14
    96 3.1656e-05 5.5897e+01    4.6266e-05 3.8246e+01 1.0658e-14
    48 6.1470e-06 3.5982e+01    5.3250e-06 4.1537e+01 5.3291e-15
];

% Maximum difference between reference and your implementation: 2.160050e-12.
