% number of repeats:% 3
% enter first, last, inc:% 48 1488 48 
data = [
%  n          reference      |         current implementation 
%        time       GFLOPS   |    time       GFLOPS     diff 
  1488 9.5365e-02 6.9095e+01    9.6765e-02 6.8096e+01 2.1600e-12
  1440 8.4971e-02 7.0283e+01    8.8049e-02 6.7826e+01 2.1032e-12
  1392 7.7207e-02 6.9870e+01    7.7655e-02 6.9467e+01 1.9327e-12
  1344 6.7093e-02 7.2368e+01    6.9126e-02 7.0240e+01 1.7621e-12
  1296 6.1222e-02 7.1111e+01    6.2989e-02 6.9117e+01 1.8190e-12
  1248 5.5010e-02 7.0670e+01    5.5731e-02 6.9755e+01 1.6485e-12
  1200 5.0561e-02 6.8353e+01    4.9650e-02 6.9607e+01 1.5348e-12
  1152 4.2729e-02 7.1559e+01    4.3976e-02 6.9531e+01 1.3642e-12
  1104 3.7665e-02 7.1450e+01    3.7583e-02 7.1605e+01 1.2506e-12
  1056 3.3940e-02 6.9392e+01    3.4278e-02 6.8709e+01 1.1937e-12
  1008 2.9563e-02 6.9289e+01    2.9491e-02 6.9458e+01 1.0232e-12
   960 2.5295e-02 6.9953e+01    2.5801e-02 6.8583e+01 1.0232e-12
   912 2.1378e-02 7.0965e+01    2.1479e-02 7.0633e+01 1.0800e-12
   864 1.8268e-02 7.0614e+01    1.8524e-02 6.9635e+01 8.5265e-13
   816 1.5400e-02 7.0563e+01    1.5615e-02 6.9591e+01 8.2423e-13
   768 1.2789e-02 7.0841e+01    1.3706e-02 6.6098e+01 7.1054e-13
   720 1.0779e-02 6.9254e+01    1.0885e-02 6.8578e+01 6.8212e-13
   672 8.5077e-03 7.1339e+01    8.5987e-03 7.0584e+01 5.6843e-13
   624 6.9137e-03 7.0286e+01    6.9389e-03 7.0031e+01 5.4001e-13
   576 5.4326e-03 7.0355e+01    5.4547e-03 7.0069e+01 4.8317e-13
   528 4.2654e-03 6.9019e+01    4.2752e-03 6.8862e+01 4.2633e-13
   480 3.2210e-03 6.8670e+01    3.2406e-03 6.8253e+01 3.1264e-13
   432 2.3607e-03 6.8304e+01    2.3583e-03 6.8372e+01 2.7001e-13
   384 1.6728e-03 6.7697e+01    1.6518e-03 6.8559e+01 2.2737e-13
   336 1.1328e-03 6.6973e+01    1.0972e-03 6.9148e+01 1.7053e-13
   288 7.1945e-04 6.6406e+01    7.0056e-04 6.8196e+01 9.9476e-14
   240 4.1124e-04 6.7231e+01    3.9974e-04 6.9166e+01 4.2633e-14
   192 2.1283e-04 6.6511e+01    2.0706e-04 6.8364e+01 2.8422e-14
   144 9.3187e-05 6.4086e+01    1.1780e-04 5.0697e+01 2.8422e-14
    96 3.9569e-05 4.4719e+01    3.1049e-05 5.6990e+01 1.0658e-14
    48 6.8910e-06 3.2098e+01    3.7940e-06 5.8298e+01 5.3291e-15
];

% Maximum difference between reference and your implementation: 2.160050e-12.
