% number of repeats:% 3
% enter first, last, inc:% 48 1488 48 
data = [
%  n          reference      |         current implementation 
%        time       GFLOPS   |    time       GFLOPS     diff 
  1488 9.3598e-02 7.0400e+01    1.2597e-01 5.2310e+01 2.1600e-12
  1440 8.5375e-02 6.9950e+01    1.1099e-01 5.3806e+01 2.1032e-12
  1392 7.8132e-02 6.9043e+01    9.9557e-02 5.4185e+01 1.9327e-12
  1344 7.0642e-02 6.8733e+01    9.5922e-02 5.0619e+01 1.7621e-12
  1296 6.3134e-02 6.8957e+01    8.0048e-02 5.4387e+01 1.8190e-12
  1248 5.6259e-02 6.9100e+01    7.2285e-02 5.3780e+01 1.6485e-12
  1200 4.9658e-02 6.9596e+01    6.4060e-02 5.3949e+01 1.5348e-12
  1152 4.4771e-02 6.8295e+01    6.1577e-02 4.9655e+01 1.3642e-12
  1104 3.9261e-02 6.8545e+01    5.0544e-02 5.3243e+01 1.2506e-12
  1056 3.4078e-02 6.9112e+01    4.3636e-02 5.3973e+01 1.1937e-12
  1008 3.0391e-02 6.7402e+01    3.9552e-02 5.1790e+01 1.0232e-12
   960 2.6270e-02 6.7357e+01    3.5132e-02 5.0366e+01 1.0232e-12
   912 2.1512e-02 7.0523e+01    2.9682e-02 5.1112e+01 1.0800e-12
   864 1.8789e-02 6.8655e+01    2.4521e-02 5.2606e+01 8.5265e-13
   816 1.5885e-02 6.8409e+01    2.1011e-02 5.1720e+01 8.2423e-13
   768 1.3393e-02 6.7643e+01    1.8402e-02 4.9232e+01 7.1054e-13
   720 1.0964e-02 6.8084e+01    1.4181e-02 5.2640e+01 6.8212e-13
   672 9.0714e-03 6.6906e+01    1.1718e-02 5.1794e+01 5.6843e-13
   624 7.3357e-03 6.6243e+01    9.2017e-03 5.2810e+01 5.4001e-13
   576 5.7620e-03 6.6333e+01    7.5612e-03 5.0548e+01 4.8317e-13
   528 4.5181e-03 6.5159e+01    5.4165e-03 5.4352e+01 4.2633e-13
   480 3.2825e-03 6.7383e+01    4.0572e-03 5.4516e+01 3.1264e-13
   432 2.4709e-03 6.5257e+01    2.8840e-03 5.5910e+01 2.7001e-13
   384 1.8073e-03 6.2660e+01    2.1862e-03 5.1802e+01 2.2737e-13
   336 1.1468e-03 6.6152e+01    1.2921e-03 5.8717e+01 1.7053e-13
   288 7.5746e-04 6.3074e+01    8.3164e-04 5.7448e+01 9.9476e-14
   240 4.2800e-04 6.4598e+01    4.7709e-04 5.7951e+01 4.2633e-14
   192 2.2207e-04 6.3744e+01    2.6524e-04 5.3370e+01 2.8422e-14
   144 1.0164e-04 5.8753e+01    1.0513e-04 5.6804e+01 2.8422e-14
    96 3.3811e-05 5.2334e+01    3.0381e-05 5.8243e+01 1.0658e-14
    48 6.4660e-06 3.4207e+01    3.7500e-06 5.8982e+01 5.3291e-15
];

% Maximum difference between reference and your implementation: 2.160050e-12.
