% number of repeats:% 3
% enter first, last, inc:% 48 1488 48 
data = [
%  n          reference      |         current implementation 
%        time       GFLOPS   |    time       GFLOPS     diff 
  1488 9.2948e-02 7.0892e+01    1.3103e-01 5.0289e+01 2.1600e-12
  1440 8.8265e-02 6.7660e+01    1.1309e-01 5.2807e+01 2.1032e-12
  1392 7.6825e-02 7.0217e+01    1.0339e-01 5.2174e+01 1.9327e-12
  1344 6.9642e-02 6.9720e+01    9.5236e-02 5.0983e+01 1.7621e-12
  1296 6.1737e-02 7.0518e+01    8.0119e-02 5.4339e+01 1.8190e-12
  1248 5.4212e-02 7.1710e+01    7.2054e-02 5.3953e+01 1.6485e-12
  1200 4.9409e-02 6.9947e+01    6.3662e-02 5.4287e+01 1.5348e-12
  1152 4.3547e-02 7.0216e+01    6.0015e-02 5.0948e+01 1.3642e-12
  1104 3.8218e-02 7.0416e+01    5.0038e-02 5.3782e+01 1.2506e-12
  1056 3.3704e-02 6.9878e+01    4.3700e-02 5.3893e+01 1.1937e-12
  1008 2.9301e-02 6.9908e+01    3.7547e-02 5.4555e+01 1.0232e-12
   960 2.5531e-02 6.9307e+01    3.3934e-02 5.2144e+01 1.0232e-12
   912 2.1373e-02 7.0981e+01    2.9214e-02 5.1931e+01 1.0800e-12
   864 1.8601e-02 6.9350e+01    2.3864e-02 5.4054e+01 8.5265e-13
   816 1.5698e-02 6.9224e+01    2.0579e-02 5.2806e+01 8.2423e-13
   768 1.2980e-02 6.9799e+01    1.7786e-02 5.0938e+01 7.1054e-13
   720 1.0660e-02 7.0028e+01    1.3800e-02 5.4094e+01 6.8212e-13
   672 8.6965e-03 6.9790e+01    1.1152e-02 5.4422e+01 5.6843e-13
   624 6.9135e-03 7.0289e+01    8.7460e-03 5.5561e+01 5.4001e-13
   576 5.5335e-03 6.9071e+01    7.1522e-03 5.3439e+01 4.8317e-13
   528 4.2521e-03 6.9236e+01    5.2378e-03 5.6207e+01 4.2633e-13
   480 3.1776e-03 6.9606e+01    3.8754e-03 5.7074e+01 3.1264e-13
   432 2.5061e-03 6.4341e+01    2.8666e-03 5.6250e+01 2.7001e-13
   384 1.8203e-03 6.2213e+01    2.1749e-03 5.2071e+01 2.2737e-13
   336 1.1562e-03 6.5619e+01    1.2743e-03 5.9537e+01 1.7053e-13
   288 7.3395e-04 6.5094e+01    8.1088e-04 5.8918e+01 9.9476e-14
   240 4.1480e-04 6.6653e+01    4.5994e-04 6.0112e+01 4.2633e-14
   192 2.1720e-04 6.5173e+01    2.4663e-04 5.7396e+01 2.8422e-14
   144 9.4916e-05 6.2918e+01    9.7755e-05 6.1091e+01 2.8422e-14
    96 3.1785e-05 5.5670e+01    2.8614e-05 6.1839e+01 1.0658e-14
    48 6.1270e-06 3.6100e+01    3.5130e-06 6.2962e+01 5.3291e-15
];

% Maximum difference between reference and your implementation: 2.160050e-12.
