% number of repeats:% 3
% enter first, last, inc:% 48 1488 48 
data = [
%  n          reference      |         current implementation 
%        time       GFLOPS   |    time       GFLOPS     diff 
  1488 9.3878e-02 7.0190e+01    1.4689e-01 4.4858e+01 2.1600e-12
  1440 8.6243e-02 6.9246e+01    1.3791e-01 4.3302e+01 2.1032e-12
  1392 7.6383e-02 7.0624e+01    1.2043e-01 4.4792e+01 1.9327e-12
  1344 6.9097e-02 7.0270e+01    1.0848e-01 4.4758e+01 1.7621e-12
  1296 6.1724e-02 7.0532e+01    9.6990e-02 4.4887e+01 1.8190e-12
  1248 5.5455e-02 7.0102e+01    8.6848e-02 4.4762e+01 1.6485e-12
  1200 4.8944e-02 7.0611e+01    7.7315e-02 4.4700e+01 1.5348e-12
  1152 4.2293e-02 7.2296e+01    6.5290e-02 4.6832e+01 1.3642e-12
  1104 3.7131e-02 7.2477e+01    5.8318e-02 4.6146e+01 1.2506e-12
  1056 3.2448e-02 7.2582e+01    5.1567e-02 4.5672e+01 1.1937e-12
  1008 2.8402e-02 7.2121e+01    4.4992e-02 4.5528e+01 1.0232e-12
   960 2.4297e-02 7.2828e+01    3.8777e-02 4.5632e+01 1.0232e-12
   912 2.1038e-02 7.2114e+01    3.3734e-02 4.4972e+01 1.0800e-12
   864 1.8436e-02 6.9967e+01    2.8734e-02 4.4893e+01 8.5265e-13
   816 1.5356e-02 7.0764e+01    2.4158e-02 4.4982e+01 8.2423e-13
   768 1.2531e-02 7.2298e+01    1.9284e-02 4.6980e+01 7.1054e-13
   720 1.0210e-02 7.3117e+01    1.6448e-02 4.5384e+01 6.8212e-13
   672 8.6026e-03 7.0552e+01    1.3381e-02 4.5356e+01 5.6843e-13
   624 6.9490e-03 6.9930e+01    1.0739e-02 4.5252e+01 5.4001e-13
   576 5.2626e-03 7.2627e+01    8.4852e-03 4.5044e+01 4.8317e-13
   528 4.2271e-03 6.9645e+01    6.5021e-03 4.5277e+01 4.2633e-13
   480 3.2183e-03 6.8726e+01    4.8302e-03 4.5792e+01 3.1264e-13
   432 2.3642e-03 6.8202e+01    3.5096e-03 4.5943e+01 2.7001e-13
   384 1.6775e-03 6.7508e+01    2.4864e-03 4.5546e+01 2.2737e-13
   336 1.1552e-03 6.5671e+01    1.6626e-03 4.5630e+01 1.7053e-13
   288 7.4000e-04 6.4562e+01    1.0600e-03 4.5072e+01 9.9476e-14
   240 4.2051e-04 6.5750e+01    6.4306e-04 4.2994e+01 4.2633e-14
   192 2.6970e-04 5.2488e+01    3.2654e-04 4.3350e+01 2.8422e-14
   144 9.7513e-05 6.1243e+01    1.3862e-04 4.3083e+01 2.8422e-14
    96 4.1829e-05 4.2303e+01    6.8678e-05 2.5765e+01 1.0658e-14
    48 8.4600e-06 2.6145e+01    8.2760e-06 2.6726e+01 5.3291e-15
];

% Maximum difference between reference and your implementation: 2.160050e-12.
