% number of repeats:% 3
% enter first, last, inc:% 48 1488 48 
data = [
%  n          reference      |         current implementation 
%        time       GFLOPS   |    time       GFLOPS     diff 
  1488 9.5002e-02 6.9360e+01    1.3513e-01 4.8761e+01 2.1600e-12
  1440 8.7562e-02 6.8203e+01    1.1821e-01 5.0519e+01 2.1032e-12
  1392 7.9242e-02 6.8075e+01    1.0323e-01 5.2259e+01 1.9327e-12
  1344 7.0141e-02 6.9224e+01    9.8760e-02 4.9164e+01 1.7621e-12
  1296 6.2698e-02 6.9437e+01    8.3342e-02 5.2237e+01 1.8190e-12
  1248 5.6517e-02 6.8785e+01    7.5810e-02 5.1280e+01 1.6485e-12
  1200 4.8769e-02 7.0865e+01    6.6856e-02 5.1693e+01 1.5348e-12
  1152 4.4549e-02 6.8635e+01    6.2365e-02 4.9029e+01 1.3642e-12
  1104 3.9126e-02 6.8782e+01    5.1263e-02 5.2497e+01 1.2506e-12
  1056 3.4666e-02 6.7938e+01    4.6271e-02 5.0899e+01 1.1937e-12
  1008 3.0288e-02 6.7630e+01    4.0371e-02 5.0739e+01 1.0232e-12
   960 2.6227e-02 6.7468e+01    3.6067e-02 4.9061e+01 1.0232e-12
   912 2.2659e-02 6.6955e+01    3.0604e-02 4.9573e+01 1.0800e-12
   864 1.8554e-02 6.9524e+01    2.4002e-02 5.3743e+01 8.5265e-13
   816 1.5799e-02 6.8782e+01    2.0414e-02 5.3231e+01 8.2423e-13
   768 1.3569e-02 6.6769e+01    1.8568e-02 4.8792e+01 7.1054e-13
   720 1.0638e-02 7.0175e+01    1.3832e-02 5.3968e+01 6.8212e-13
   672 8.6781e-03 6.9938e+01    1.1208e-02 5.4153e+01 5.6843e-13
   624 7.2309e-03 6.7203e+01    8.9083e-03 5.4549e+01 5.4001e-13
   576 5.5888e-03 6.8388e+01    7.4092e-03 5.1585e+01 4.8317e-13
   528 4.2963e-03 6.8523e+01    5.3455e-03 5.5074e+01 4.2633e-13
   480 3.2464e-03 6.8133e+01    3.9129e-03 5.6527e+01 3.1264e-13
   432 2.3891e-03 6.7490e+01    2.7312e-03 5.9038e+01 2.7001e-13
   384 1.7033e-03 6.6486e+01    2.1221e-03 5.3366e+01 2.2737e-13
   336 1.1320e-03 6.7018e+01    1.2976e-03 5.8464e+01 1.7053e-13
   288 7.2886e-04 6.5549e+01    8.1454e-04 5.8654e+01 9.9476e-14
   240 4.1884e-04 6.6012e+01    4.5775e-04 6.0400e+01 4.2633e-14
   192 2.1716e-04 6.5185e+01    2.4774e-04 5.7139e+01 2.8422e-14
   144 9.7158e-05 6.1467e+01    9.9168e-05 6.0221e+01 2.8422e-14
    96 3.2521e-05 5.4410e+01    2.9032e-05 6.0949e+01 1.0658e-14
    48 6.4700e-06 3.4186e+01    3.5280e-06 6.2694e+01 5.3291e-15
];

% Maximum difference between reference and your implementation: 2.160050e-12.
