% number of repeats:% 3
% enter first, last, inc:% 48 1488 48 
data = [
%  n          reference      |         current implementation 
%        time       GFLOPS   |    time       GFLOPS     diff 
  1488 9.2312e-02 7.1381e+01    1.3177e-01 5.0005e+01 2.1600e-12
  1440 8.4289e-02 7.0851e+01    1.1418e-01 5.2305e+01 2.1032e-12
  1392 7.5038e-02 7.1890e+01    9.7626e-02 5.5256e+01 1.9327e-12
  1344 6.6103e-02 7.3452e+01    9.1538e-02 5.3043e+01 1.7621e-12
  1296 5.9679e-02 7.2950e+01    7.8216e-02 5.5661e+01 1.8190e-12
  1248 5.2833e-02 7.3581e+01    6.9211e-02 5.6169e+01 1.6485e-12
  1200 4.6526e-02 7.4281e+01    6.1493e-02 5.6202e+01 1.5348e-12
  1152 4.1453e-02 7.3761e+01    5.8185e-02 5.2551e+01 1.3642e-12
  1104 3.6704e-02 7.3319e+01    4.8164e-02 5.5874e+01 1.2506e-12
  1056 3.2037e-02 7.3515e+01    4.2478e-02 5.5445e+01 1.1937e-12
  1008 2.7745e-02 7.3829e+01    3.6447e-02 5.6202e+01 1.0232e-12
   960 2.3994e-02 7.3747e+01    3.2697e-02 5.4117e+01 1.0232e-12
   912 2.0568e-02 7.3761e+01    2.8144e-02 5.3905e+01 1.0800e-12
   864 1.7598e-02 7.3300e+01    2.3241e-02 5.5503e+01 8.5265e-13
   816 1.4892e-02 7.2971e+01    1.9631e-02 5.5355e+01 8.2423e-13
   768 1.2339e-02 7.3423e+01    1.7028e-02 5.3203e+01 7.1054e-13
   720 1.0043e-02 7.4331e+01    1.3031e-02 5.7287e+01 6.8212e-13
   672 8.1899e-03 7.4107e+01    1.0651e-02 5.6984e+01 5.6843e-13
   624 6.5590e-03 7.4088e+01    8.3860e-03 5.7947e+01 5.4001e-13
   576 5.2504e-03 7.2796e+01    6.9960e-03 5.4632e+01 4.8317e-13
   528 4.0467e-03 7.2749e+01    5.0499e-03 5.8297e+01 4.2633e-13
   480 3.0177e-03 7.3297e+01    3.7494e-03 5.8992e+01 3.1264e-13
   432 2.2269e-03 7.2406e+01    2.6240e-03 6.1449e+01 2.7001e-13
   384 1.5751e-03 7.1896e+01    2.0078e-03 5.6403e+01 2.2737e-13
   336 1.0554e-03 7.1881e+01    1.1848e-03 6.4031e+01 1.7053e-13
   288 6.8496e-04 6.9750e+01    7.4782e-04 6.3886e+01 9.9476e-14
   240 3.8214e-04 7.2350e+01    4.2438e-04 6.5149e+01 4.2633e-14
   192 2.0005e-04 7.0763e+01    2.2887e-04 6.1852e+01 2.8422e-14
   144 8.7729e-05 6.8073e+01    8.9289e-05 6.6884e+01 2.8422e-14
    96 3.0949e-05 5.7174e+01    2.7061e-05 6.5388e+01 1.0658e-14
    48 6.0110e-06 3.6797e+01    3.4070e-06 6.4920e+01 5.3291e-15
];

% Maximum difference between reference and your implementation: 2.160050e-12.
