% number of repeats:% 3
% enter first, last, inc:% 48 1488 48 
data = [
%  n          reference      |         current implementation 
%        time       GFLOPS   |    time       GFLOPS     diff 
  1488 9.3727e-02 7.0303e+01    1.3268e-01 4.9664e+01 2.1600e-12
  1440 8.6328e-02 6.9178e+01    1.1783e-01 5.0684e+01 2.1032e-12
  1392 7.7985e-02 6.9173e+01    1.0256e-01 5.2596e+01 1.9327e-12
  1344 6.9626e-02 6.9735e+01    1.0115e-01 4.8002e+01 1.7621e-12
  1296 6.2510e-02 6.9646e+01    8.2637e-02 5.2683e+01 1.8190e-12
  1248 5.5484e-02 7.0066e+01    7.3733e-02 5.2724e+01 1.6485e-12
  1200 4.9186e-02 7.0264e+01    6.6420e-02 5.2033e+01 1.5348e-12
  1152 4.3658e-02 7.0037e+01    6.2750e-02 4.8727e+01 1.3642e-12
  1104 3.9245e-02 6.8574e+01    5.0888e-02 5.2884e+01 1.2506e-12
  1056 3.3833e-02 6.9612e+01    4.4784e-02 5.2590e+01 1.1937e-12
  1008 2.9135e-02 7.0306e+01    3.9002e-02 5.2520e+01 1.0232e-12
   960 2.5990e-02 6.8083e+01    3.5700e-02 4.9565e+01 1.0232e-12
   912 2.2773e-02 6.6619e+01    3.0085e-02 5.0427e+01 1.0800e-12
   864 1.8638e-02 6.9211e+01    2.4831e-02 5.1948e+01 8.5265e-13
   816 1.5600e-02 6.9657e+01    2.1012e-02 5.1717e+01 8.2423e-13
   768 1.3040e-02 6.9475e+01    1.8659e-02 4.8554e+01 7.1054e-13
   720 1.0677e-02 6.9917e+01    1.3855e-02 5.3881e+01 6.8212e-13
   672 8.6536e-03 7.0136e+01    1.1274e-02 5.3834e+01 5.6843e-13
   624 6.9455e-03 6.9965e+01    9.5245e-03 5.1020e+01 5.4001e-13
   576 5.7106e-03 6.6930e+01    7.8040e-03 4.8976e+01 4.8317e-13
   528 4.4025e-03 6.6870e+01    5.4392e-03 5.4125e+01 4.2633e-13
   480 3.1789e-03 6.9579e+01    3.9537e-03 5.5944e+01 3.1264e-13
   432 2.3408e-03 6.8885e+01    2.7755e-03 5.8095e+01 2.7001e-13
   384 1.6537e-03 6.8480e+01    2.1101e-03 5.3668e+01 2.2737e-13
   336 1.1320e-03 6.7022e+01    1.2681e-03 5.9826e+01 1.7053e-13
   288 7.1286e-04 6.7020e+01    7.9673e-04 5.9965e+01 9.9476e-14
   240 4.0650e-04 6.8015e+01    4.5111e-04 6.1289e+01 4.2633e-14
   192 2.1222e-04 6.6703e+01    2.4127e-04 5.8672e+01 2.8422e-14
   144 9.5097e-05 6.2799e+01    9.7344e-05 6.1349e+01 2.8422e-14
    96 3.1609e-05 5.5980e+01    2.8515e-05 6.2054e+01 1.0658e-14
    48 6.1280e-06 3.6094e+01    3.3500e-06 6.6025e+01 5.3291e-15
];

% Maximum difference between reference and your implementation: 2.160050e-12.
