% number of repeats:% 3
% enter first, last, inc:% 48 1488 48 
data = [
%  n          reference      |         current implementation 
%        time       GFLOPS   |    time       GFLOPS     diff 
  1488 9.3090e-02 7.0784e+01    2.4573e-01 2.6815e+01 2.1600e-12
  1440 8.5031e-02 7.0233e+01    1.8427e-01 3.2409e+01 2.1032e-12
  1392 7.7212e-02 6.9866e+01    1.7217e-01 3.1333e+01 1.9327e-12
  1344 6.8817e-02 7.0556e+01    1.3384e-01 3.6278e+01 1.7621e-12
  1296 6.1980e-02 7.0241e+01    1.2688e-01 3.4313e+01 1.8190e-12
  1248 5.4262e-02 7.1643e+01    1.0641e-01 3.6534e+01 1.6485e-12
  1200 4.8741e-02 7.0905e+01    9.5204e-02 3.6301e+01 1.5348e-12
  1152 4.2945e-02 7.1199e+01    7.9265e-02 3.8575e+01 1.3642e-12
  1104 3.8314e-02 7.0240e+01    6.9868e-02 3.8517e+01 1.2506e-12
  1056 3.3160e-02 7.1025e+01    6.3075e-02 3.7339e+01 1.1937e-12
  1008 2.8941e-02 7.0777e+01    5.2439e-02 3.9062e+01 1.0232e-12
   960 2.4645e-02 7.1798e+01    4.5244e-02 3.9110e+01 1.0232e-12
   912 2.1540e-02 7.0433e+01    3.8051e-02 3.9871e+01 1.0800e-12
   864 1.9077e-02 6.7619e+01    3.1963e-02 4.0358e+01 8.5265e-13
   816 1.5845e-02 6.8581e+01    2.7406e-02 3.9652e+01 8.2423e-13
   768 1.2758e-02 7.1011e+01    2.2322e-02 4.0586e+01 7.1054e-13
   720 1.0407e-02 7.1729e+01    1.8737e-02 3.9841e+01 6.8212e-13
   672 8.4306e-03 7.1992e+01    1.5181e-02 3.9979e+01 5.6843e-13
   624 6.8151e-03 7.1303e+01    1.1415e-02 4.2572e+01 5.4001e-13
   576 5.6670e-03 6.7444e+01    9.0588e-03 4.2192e+01 4.8317e-13
   528 4.1637e-03 7.0705e+01    6.2866e-03 4.6829e+01 4.2633e-13
   480 3.1535e-03 7.0139e+01    4.3750e-03 5.0556e+01 3.1264e-13
   432 2.3045e-03 6.9968e+01    3.1608e-03 5.1013e+01 2.7001e-13
   384 1.6983e-03 6.6683e+01    2.2191e-03 5.1033e+01 2.2737e-13
   336 1.1320e-03 6.7021e+01    1.4432e-03 5.2569e+01 1.7053e-13
   288 7.1588e-04 6.6737e+01    8.9331e-04 5.3482e+01 9.9476e-14
   240 4.1106e-04 6.7261e+01    4.9437e-04 5.5925e+01 4.2633e-14
   192 2.1733e-04 6.5134e+01    2.4312e-04 5.8225e+01 2.8422e-14
   144 9.5211e-05 6.2724e+01    9.5064e-05 6.2820e+01 2.8422e-14
    96 3.1629e-05 5.5945e+01    2.8461e-05 6.2172e+01 1.0658e-14
    48 6.1090e-06 3.6206e+01    3.5340e-06 6.2587e+01 5.3291e-15
];

% Maximum difference between reference and your implementation: 2.160050e-12.
