% number of repeats:% 3
% enter first, last, inc:% 48 1488 48 
data = [
%  n          reference      |         current implementation 
%        time       GFLOPS   |    time       GFLOPS     diff 
  1488 9.4556e-02 6.9687e+01    9.6990e-02 6.7938e+01 2.1600e-12
  1440 8.4217e-02 7.0912e+01    8.9218e-02 6.6937e+01 2.1032e-12
  1392 7.5823e-02 7.1145e+01    7.9365e-02 6.7971e+01 1.9327e-12
  1344 6.7298e-02 7.2149e+01    7.1290e-02 6.8108e+01 1.7621e-12
  1296 5.9742e-02 7.2873e+01    6.3671e-02 6.8376e+01 1.8190e-12
  1248 5.3819e-02 7.2234e+01    5.6320e-02 6.9025e+01 1.6485e-12
  1200 4.8590e-02 7.1125e+01    5.0561e-02 6.8354e+01 1.5348e-12
  1152 4.1693e-02 7.3338e+01    4.4314e-02 6.8999e+01 1.3642e-12
  1104 3.7224e-02 7.2296e+01    3.8963e-02 6.9069e+01 1.2506e-12
  1056 3.2698e-02 7.2028e+01    3.5387e-02 6.6555e+01 1.1937e-12
  1008 2.9047e-02 7.0520e+01    2.9793e-02 6.8755e+01 1.0232e-12
   960 2.4592e-02 7.1953e+01    2.5623e-02 6.9059e+01 1.0232e-12
   912 2.0502e-02 7.3997e+01    2.1728e-02 6.9823e+01 1.0800e-12
   864 1.7408e-02 7.4101e+01    1.9003e-02 6.7880e+01 8.5265e-13
   816 1.5394e-02 7.0589e+01    1.5823e-02 6.8679e+01 8.2423e-13
   768 1.2808e-02 7.0733e+01    1.3134e-02 6.8977e+01 7.1054e-13
   720 1.0833e-02 6.8907e+01    1.1118e-02 6.7145e+01 6.8212e-13
   672 8.6268e-03 7.0354e+01    8.8769e-03 6.8371e+01 5.6843e-13
   624 6.6220e-03 7.3382e+01    6.8091e-03 7.1367e+01 5.4001e-13
   576 5.1700e-03 7.3927e+01    5.3594e-03 7.1315e+01 4.8317e-13
   528 4.0283e-03 7.3081e+01    4.1064e-03 7.1692e+01 4.2633e-13
   480 3.1250e-03 7.0778e+01    3.2241e-03 6.8603e+01 3.1264e-13
   432 2.4242e-03 6.6515e+01    2.3529e-03 6.8528e+01 2.7001e-13
   384 1.6467e-03 6.8773e+01    1.6252e-03 6.9682e+01 2.2737e-13
   336 1.1218e-03 6.7628e+01    1.0950e-03 6.9285e+01 1.7053e-13
   288 7.0315e-04 6.7946e+01    6.9394e-04 6.8847e+01 9.9476e-14
   240 4.0642e-04 6.8028e+01    3.9857e-04 6.9367e+01 4.2633e-14
   192 2.1290e-04 6.6490e+01    2.0514e-04 6.9004e+01 2.8422e-14
   144 9.3089e-05 6.4153e+01    8.8935e-05 6.7150e+01 2.8422e-14
    96 3.0901e-05 5.7263e+01    2.7397e-05 6.4586e+01 1.0658e-14
    48 5.9740e-06 3.7024e+01    3.8130e-06 5.8008e+01 5.3291e-15
];

% Maximum difference between reference and your implementation: 2.160050e-12.
