% number of repeats:% 3
% enter first, last, inc:% 48 1488 48 
data = [
%  n          reference      |         current implementation 
%        time       GFLOPS   |    time       GFLOPS     diff 
  1488 9.4769e-02 6.9530e+01    1.2363e-01 5.3300e+01 2.1600e-12
  1440 8.5219e-02 7.0078e+01    1.1168e-01 5.3474e+01 2.1032e-12
  1392 7.7441e-02 6.9659e+01    9.9492e-02 5.4220e+01 1.9327e-12
  1344 6.9121e-02 7.0246e+01    8.9350e-02 5.4341e+01 1.7621e-12
  1296 6.2152e-02 7.0047e+01    8.0086e-02 5.4361e+01 1.8190e-12
  1248 5.5652e-02 6.9854e+01    7.1379e-02 5.4463e+01 1.6485e-12
  1200 5.0295e-02 6.8714e+01    6.3902e-02 5.4083e+01 1.5348e-12
  1152 4.3445e-02 7.0379e+01    5.9750e-02 5.1174e+01 1.3642e-12
  1104 3.8465e-02 6.9964e+01    4.9549e-02 5.4313e+01 1.2506e-12
  1056 3.3706e-02 6.9874e+01    4.3231e-02 5.4478e+01 1.1937e-12
  1008 2.9290e-02 6.9935e+01    3.8079e-02 5.3793e+01 1.0232e-12
   960 2.4987e-02 7.0816e+01    3.2863e-02 5.3844e+01 1.0232e-12
   912 2.1957e-02 6.9096e+01    2.8401e-02 5.3417e+01 1.0800e-12
   864 1.8668e-02 6.9100e+01    2.3887e-02 5.4003e+01 8.5265e-13
   816 1.5735e-02 6.9062e+01    2.0097e-02 5.4071e+01 8.2423e-13
   768 1.3208e-02 6.8592e+01    1.8179e-02 4.9836e+01 7.1054e-13
   720 1.0835e-02 6.8900e+01    1.3664e-02 5.4631e+01 6.8212e-13
   672 8.6933e-03 6.9816e+01    1.1068e-02 5.4839e+01 5.6843e-13
   624 6.9988e-03 6.9432e+01    8.8108e-03 5.5153e+01 5.4001e-13
   576 5.5602e-03 6.8739e+01    6.8968e-03 5.5418e+01 4.8317e-13
   528 4.2642e-03 6.9038e+01    5.3754e-03 5.4767e+01 4.2633e-13
   480 3.3391e-03 6.6240e+01    3.9742e-03 5.5655e+01 3.1264e-13
   432 2.4036e-03 6.7083e+01    2.8497e-03 5.6582e+01 2.7001e-13
   384 1.6815e-03 6.7348e+01    2.1134e-03 5.3584e+01 2.2737e-13
   336 1.1317e-03 6.7039e+01    1.3014e-03 5.8294e+01 1.7053e-13
   288 7.1369e-04 6.6942e+01    8.6454e-04 5.5261e+01 9.9476e-14
   240 4.3667e-04 6.3316e+01    5.0208e-04 5.5066e+01 4.2633e-14
   192 2.2113e-04 6.4015e+01    2.4968e-04 5.6696e+01 2.8422e-14
   144 9.7093e-05 6.1508e+01    1.0373e-04 5.7573e+01 2.8422e-14
    96 3.2429e-05 5.4564e+01    2.8993e-05 6.1031e+01 1.0658e-14
    48 6.1810e-06 3.5785e+01    3.4260e-06 6.4560e+01 5.3291e-15
];

% Maximum difference between reference and your implementation: 2.160050e-12.
