% number of repeats:% 3
% enter first, last, inc:% 48 1488 48 
data = [
%  n          reference      |         current implementation 
%        time       GFLOPS   |    time       GFLOPS     diff 
  1488 9.3489e-02 7.0482e+01    1.2889e-01 5.1124e+01 2.1600e-12
  1440 8.4569e-02 7.0616e+01    1.1433e-01 5.2236e+01 2.1032e-12
  1392 7.6208e-02 7.0786e+01    9.8818e-02 5.4590e+01 1.9327e-12
  1344 6.7620e-02 7.1805e+01    9.2529e-02 5.2475e+01 1.7621e-12
  1296 6.0741e-02 7.1674e+01    7.8659e-02 5.5347e+01 1.8190e-12
  1248 5.5773e-02 6.9703e+01    7.0672e-02 5.5008e+01 1.6485e-12
  1200 4.8703e-02 7.0961e+01    6.1693e-02 5.6019e+01 1.5348e-12
  1152 4.2978e-02 7.1144e+01    5.9183e-02 5.1665e+01 1.3642e-12
  1104 3.7117e-02 7.2505e+01    4.7666e-02 5.6458e+01 1.2506e-12
  1056 3.3061e-02 7.1236e+01    4.2813e-02 5.5010e+01 1.1937e-12
  1008 2.8593e-02 7.1639e+01    3.7137e-02 5.5157e+01 1.0232e-12
   960 2.4948e-02 7.0926e+01    3.3571e-02 5.2708e+01 1.0232e-12
   912 2.1649e-02 7.0077e+01    2.8530e-02 5.3176e+01 1.0800e-12
   864 1.8174e-02 7.0976e+01    2.3542e-02 5.4793e+01 8.5265e-13
   816 1.5257e-02 7.1226e+01    1.9791e-02 5.4908e+01 8.2423e-13
   768 1.2527e-02 7.2321e+01    1.7251e-02 5.2518e+01 7.1054e-13
   720 1.0525e-02 7.0926e+01    1.3226e-02 5.6442e+01 6.8212e-13
   672 8.3078e-03 7.3055e+01    1.0776e-02 5.6320e+01 5.6843e-13
   624 6.6716e-03 7.2837e+01    8.7303e-03 5.5661e+01 5.4001e-13
   576 5.4500e-03 7.0129e+01    7.1102e-03 5.3755e+01 4.8317e-13
   528 4.2491e-03 6.9284e+01    5.1423e-03 5.7250e+01 4.2633e-13
   480 3.0881e-03 7.1625e+01    3.7354e-03 5.9214e+01 3.1264e-13
   432 2.2658e-03 7.1164e+01    2.7106e-03 5.9486e+01 2.7001e-13
   384 1.6221e-03 6.9815e+01    2.0372e-03 5.5588e+01 2.2737e-13
   336 1.0889e-03 6.9673e+01    1.2618e-03 6.0123e+01 1.7053e-13
   288 7.0375e-04 6.7887e+01    7.9948e-04 5.9759e+01 9.9476e-14
   240 3.9232e-04 7.0473e+01    4.4398e-04 6.2274e+01 4.2633e-14
   192 2.1503e-04 6.5832e+01    2.4189e-04 5.8522e+01 2.8422e-14
   144 9.3232e-05 6.4055e+01    9.5311e-05 6.2658e+01 2.8422e-14
    96 3.1031e-05 5.7023e+01    2.7838e-05 6.3563e+01 1.0658e-14
    48 5.9810e-06 3.6981e+01    3.3120e-06 6.6783e+01 5.3291e-15
];

% Maximum difference between reference and your implementation: 2.160050e-12.
