% number of repeats:% 3
% enter first, last, inc:% 48 1488 48 
data = [
%  n          reference      |         current implementation 
%        time       GFLOPS   |    time       GFLOPS     diff 
  1488 9.4789e-02 6.9515e+01    1.6892e-01 3.9009e+01 2.1600e-12
  1440 8.4866e-02 7.0369e+01    1.5268e-01 3.9114e+01 2.1032e-12
  1392 7.6293e-02 7.0707e+01    1.3514e-01 3.9917e+01 1.9327e-12
  1344 6.9360e-02 7.0003e+01    1.2775e-01 3.8008e+01 1.7621e-12
  1296 6.2800e-02 6.9324e+01    1.1177e-01 3.8949e+01 1.8190e-12
  1248 5.5579e-02 6.9947e+01    1.0097e-01 3.8500e+01 1.6485e-12
  1200 5.0373e-02 6.8608e+01    8.8736e-02 3.8947e+01 1.5348e-12
  1152 4.3706e-02 6.9959e+01    8.2634e-02 3.7002e+01 1.3642e-12
  1104 3.8409e-02 7.0065e+01    6.8662e-02 3.9194e+01 1.2506e-12
  1056 3.3850e-02 6.9576e+01    6.0799e-02 3.8737e+01 1.1937e-12
  1008 2.9916e-02 6.8472e+01    5.4798e-02 3.7381e+01 1.0232e-12
   960 2.5511e-02 6.9361e+01    4.5187e-02 3.9159e+01 1.0232e-12
   912 2.1032e-02 7.2134e+01    3.8233e-02 3.9680e+01 1.0800e-12
   864 1.8698e-02 6.8988e+01    3.4444e-02 3.7451e+01 8.5265e-13
   816 1.5992e-02 6.7952e+01    2.9216e-02 3.7194e+01 8.2423e-13
   768 1.3200e-02 6.8635e+01    2.7872e-02 3.2505e+01 7.1054e-13
   720 1.0892e-02 6.8537e+01    2.0000e-02 3.7325e+01 6.8212e-13
   672 8.9550e-03 6.7775e+01    1.4905e-02 4.0721e+01 5.6843e-13
   624 6.8005e-03 7.1457e+01    1.2148e-02 4.0002e+01 5.4001e-13
   576 5.5096e-03 6.9371e+01    1.0062e-02 3.7986e+01 4.8317e-13
   528 4.3293e-03 6.8000e+01    7.5430e-03 3.9029e+01 4.2633e-13
   480 3.2946e-03 6.7135e+01    5.7834e-03 3.8244e+01 3.1264e-13
   432 2.4669e-03 6.5362e+01    4.1052e-03 3.9278e+01 2.7001e-13
   384 1.7517e-03 6.4649e+01    3.0700e-03 3.6887e+01 2.2737e-13
   336 1.1839e-03 6.4083e+01    1.9166e-03 3.9585e+01 1.7053e-13
   288 7.5510e-04 6.3271e+01    1.2383e-03 3.8580e+01 9.9476e-14
   240 4.3756e-04 6.3187e+01    7.0872e-04 3.9011e+01 4.2633e-14
   192 2.2724e-04 6.2295e+01    3.6689e-04 3.8583e+01 2.8422e-14
   144 9.9623e-05 5.9946e+01    1.5056e-04 3.9665e+01 2.8422e-14
    96 3.3121e-05 5.3424e+01    4.3085e-05 4.1069e+01 1.0658e-14
    48 6.4250e-06 3.4426e+01    5.2700e-06 4.1970e+01 5.3291e-15
];

% Maximum difference between reference and your implementation: 2.160050e-12.
