% number of repeats:% 3
% enter first, last, inc:% 48 1488 48 
data = [
%  n          reference      |         current implementation 
%        time       GFLOPS   |    time       GFLOPS     diff 
  1488 9.3606e-02 7.0394e+01    1.2671e-01 5.2003e+01 2.1600e-12
  1440 8.4206e-02 7.0921e+01    1.1106e-01 5.3771e+01 2.1032e-12
  1392 7.6323e-02 7.0679e+01    9.9336e-02 5.4305e+01 1.9327e-12
  1344 6.8612e-02 7.0766e+01    9.2358e-02 5.2572e+01 1.7621e-12
  1296 6.1954e-02 7.0271e+01    7.9054e-02 5.5071e+01 1.8190e-12
  1248 5.4579e-02 7.1227e+01    7.0631e-02 5.5040e+01 1.6485e-12
  1200 4.8952e-02 7.0600e+01    6.3688e-02 5.4264e+01 1.5348e-12
  1152 4.3824e-02 6.9772e+01    6.0857e-02 5.0243e+01 1.3642e-12
  1104 3.7589e-02 7.1595e+01    4.9548e-02 5.4314e+01 1.2506e-12
  1056 3.3674e-02 6.9941e+01    4.2965e-02 5.4816e+01 1.1937e-12
  1008 2.8957e-02 7.0738e+01    3.6912e-02 5.5494e+01 1.0232e-12
   960 2.4057e-02 7.3554e+01    3.2845e-02 5.3873e+01 1.0232e-12
   912 2.1223e-02 7.1483e+01    2.8922e-02 5.2454e+01 1.0800e-12
   864 1.8089e-02 7.1311e+01    2.3114e-02 5.5809e+01 8.5265e-13
   816 1.5036e-02 7.2271e+01    1.9569e-02 5.5530e+01 8.2423e-13
   768 1.2392e-02 7.3107e+01    1.7277e-02 5.2437e+01 7.1054e-13
   720 1.0508e-02 7.1042e+01    1.3382e-02 5.5782e+01 6.8212e-13
   672 8.4303e-03 7.1993e+01    1.0769e-02 5.6358e+01 5.6843e-13
   624 6.7295e-03 7.2211e+01    8.5125e-03 5.7086e+01 5.4001e-13
   576 5.2899e-03 7.2252e+01    7.1682e-03 5.3320e+01 4.8317e-13
   528 4.2913e-03 6.8603e+01    5.1676e-03 5.6969e+01 4.2633e-13
   480 3.1455e-03 7.0317e+01    3.8720e-03 5.7123e+01 3.1264e-13
   432 2.3274e-03 6.9282e+01    2.6729e-03 6.0325e+01 2.7001e-13
   384 1.7160e-03 6.5993e+01    2.1115e-03 5.3634e+01 2.2737e-13
   336 1.1280e-03 6.7255e+01    1.2428e-03 6.1046e+01 1.7053e-13
   288 7.1995e-04 6.6360e+01    7.9324e-04 6.0229e+01 9.9476e-14
   240 4.0935e-04 6.7541e+01    4.4803e-04 6.1710e+01 4.2633e-14
   192 2.1225e-04 6.6695e+01    2.4065e-04 5.8823e+01 2.8422e-14
   144 9.3320e-05 6.3995e+01    9.5013e-05 6.2854e+01 2.8422e-14
    96 3.0934e-05 5.7202e+01    2.7860e-05 6.3513e+01 1.0658e-14
    48 6.0030e-06 3.6846e+01    3.4040e-06 6.4978e+01 5.3291e-15
];

% Maximum difference between reference and your implementation: 2.160050e-12.
