% number of repeats:% 3
% enter first, last, inc:% 48 1488 48 
data = [
%  n          reference      |         current implementation 
%        time       GFLOPS   |    time       GFLOPS     diff 
  1488 9.7444e-02 6.7621e+01    1.2364e-01 5.3292e+01 2.1600e-12
  1440 8.4555e-02 7.0628e+01    1.1042e-01 5.4082e+01 2.1032e-12
  1392 7.6864e-02 7.0182e+01    9.9638e-02 5.4140e+01 1.9327e-12
  1344 6.8775e-02 7.0599e+01    8.9982e-02 5.3960e+01 1.7621e-12
  1296 6.3156e-02 6.8933e+01    8.1307e-02 5.3545e+01 1.8190e-12
  1248 5.4092e-02 7.1868e+01    7.1471e-02 5.4393e+01 1.6485e-12
  1200 4.8376e-02 7.1441e+01    6.2967e-02 5.4886e+01 1.5348e-12
  1152 4.4005e-02 6.9485e+01    5.6820e-02 5.3813e+01 1.3642e-12
  1104 3.8044e-02 7.0738e+01    4.9826e-02 5.4011e+01 1.2506e-12
  1056 3.3768e-02 6.9746e+01    4.3982e-02 5.3548e+01 1.1937e-12
  1008 2.9438e-02 6.9582e+01    3.7639e-02 5.4421e+01 1.0232e-12
   960 2.5126e-02 7.0425e+01    3.2156e-02 5.5028e+01 1.0232e-12
   912 2.1601e-02 7.0231e+01    2.7097e-02 5.5987e+01 1.0800e-12
   864 1.8358e-02 7.0264e+01    2.3161e-02 5.5695e+01 8.5265e-13
   816 1.5454e-02 7.0318e+01    1.9644e-02 5.5317e+01 8.2423e-13
   768 1.2791e-02 7.0828e+01    1.6337e-02 5.5456e+01 7.1054e-13
   720 1.0626e-02 7.0252e+01    1.3793e-02 5.4121e+01 6.8212e-13
   672 8.9008e-03 6.8188e+01    1.1108e-02 5.4641e+01 5.6843e-13
   624 6.8929e-03 7.0499e+01    8.6038e-03 5.6480e+01 5.4001e-13
   576 5.4753e-03 6.9806e+01    6.7887e-03 5.6300e+01 4.8317e-13
   528 4.2174e-03 6.9805e+01    5.2656e-03 5.5909e+01 4.2633e-13
   480 3.1576e-03 7.0048e+01    3.9581e-03 5.5882e+01 3.1264e-13
   432 2.3357e-03 6.9034e+01    2.8915e-03 5.5765e+01 2.7001e-13
   384 1.6741e-03 6.7644e+01    1.9952e-03 5.6759e+01 2.2737e-13
   336 1.0944e-03 6.9320e+01    1.3225e-03 5.7367e+01 1.7053e-13
   288 7.2202e-04 6.6170e+01    8.4545e-04 5.6509e+01 9.9476e-14
   240 3.9830e-04 6.9416e+01    4.8937e-04 5.6497e+01 4.2633e-14
   192 2.3035e-04 6.1455e+01    2.5921e-04 5.4611e+01 2.8422e-14
   144 1.0176e-04 5.8690e+01    1.0893e-04 5.4825e+01 2.8422e-14
    96 3.4206e-05 5.1730e+01    2.9968e-05 5.9045e+01 1.0658e-14
    48 6.0810e-06 3.6373e+01    3.5190e-06 6.2854e+01 5.3291e-15
];

% Maximum difference between reference and your implementation: 2.160050e-12.
