% number of repeats:% 3
% enter first, last, inc:% 48 480 48 
data = [
%  n          reference      |         current implementation 
%        time       GFLOPS   |    time       GFLOPS     diff 
   480 4.0947e-03 5.4017e+01    2.1663e-02 1.0210e+01 3.5527e-13
   432 3.0254e-03 5.3297e+01    1.5206e-02 1.0604e+01 3.1264e-13
   384 2.1146e-03 5.3553e+01    1.0627e-02 1.0657e+01 1.9895e-13
   336 1.4308e-03 5.3025e+01    6.9734e-03 1.0879e+01 1.7053e-13
   288 9.1410e-04 5.2265e+01    4.3715e-03 1.0929e+01 1.1369e-13
   240 5.2086e-04 5.3081e+01    2.5165e-03 1.0987e+01 4.2633e-14
   192 2.7230e-04 5.1985e+01    1.3015e-03 1.0876e+01 2.8422e-14
   144 1.4326e-04 4.1686e+01    5.4667e-04 1.0924e+01 2.8422e-14
    96 3.9212e-05 4.5126e+01    1.6330e-04 1.0836e+01 1.4211e-14
    48 7.5760e-06 2.9195e+01    1.7080e-05 1.2950e+01 7.1054e-15
];

% Maximum difference between reference and your implementation: 3.552714e-13.
