% number of repeats:% 3
% enter first, last, inc:% 48 480 48 
data = [
%  n          reference      |         current implementation 
%        time       GFLOPS   |    time       GFLOPS     diff 
   480 4.0758e-03 5.4267e+01    8.3386e-02 2.6525e+00 3.5527e-13
   432 2.9827e-03 5.4060e+01    5.1440e-02 3.1346e+00 3.1264e-13
   384 2.1151e-03 5.3543e+01    3.9955e-02 2.8343e+00 1.9895e-13
   336 1.4428e-03 5.2584e+01    2.0864e-02 3.6363e+00 1.7053e-13
   288 9.0981e-04 5.2512e+01    1.6242e-02 2.9416e+00 1.1369e-13
   240 5.1817e-04 5.3357e+01    7.3859e-03 3.7434e+00 4.2633e-14
   192 2.6793e-04 5.2835e+01    4.5315e-03 3.1239e+00 2.8422e-14
   144 1.1779e-04 5.0700e+01    1.4304e-03 4.1750e+00 2.8422e-14
    96 4.8629e-05 3.6387e+01    4.2841e-04 4.1304e+00 1.4211e-14
    48 7.5940e-06 2.9126e+01    5.8828e-05 3.7598e+00 7.1054e-15
];

% Maximum difference between reference and your implementation: 3.552714e-13.
