% number of repeats:% 3
% enter first, last, inc:% 48 480 48 
data = [
%  n          reference      |         current implementation 
%        time       GFLOPS   |    time       GFLOPS     diff 
   480 4.6052e-03 4.8029e+01    1.8407e-01 1.2016e+00 3.5527e-13
   432 2.9755e-03 5.4190e+01    1.0674e-01 1.5106e+00 3.1264e-13
   384 2.1093e-03 5.3689e+01    1.3360e-01 8.4763e-01 1.9895e-13
   336 1.4150e-03 5.3617e+01    4.3834e-02 1.7308e+00 1.7053e-13
   288 9.1022e-04 5.2488e+01    3.8186e-02 1.2511e+00 1.1369e-13
   240 5.1679e-04 5.3499e+01    1.2453e-02 2.2203e+00 4.2633e-14
   192 2.6834e-04 5.2753e+01    1.4819e-02 9.5526e-01 2.8422e-14
   144 1.1740e-04 5.0868e+01    1.3677e-03 4.3666e+00 2.8422e-14
    96 4.9451e-05 3.5782e+01    4.2479e-04 4.1655e+00 1.4211e-14
    48 7.4420e-06 2.9721e+01    4.7232e-05 4.6829e+00 7.1054e-15
];

% Maximum difference between reference and your implementation: 3.552714e-13.
