% number of repeats:% 3
% enter first, last, inc:% 48 480 48 
data = [
%  n          reference      |         current implementation 
%        time       GFLOPS   |    time       GFLOPS     diff 
   480 4.0994e-03 5.3955e+01    2.1397e-02 1.0337e+01 3.5527e-13
   432 2.9768e-03 5.4167e+01    1.5200e-02 1.0608e+01 3.1264e-13
   384 2.1239e-03 5.3321e+01    1.0977e-02 1.0317e+01 1.9895e-13
   336 1.4304e-03 5.3040e+01    7.1259e-03 1.0646e+01 1.7053e-13
   288 9.0780e-04 5.2628e+01    4.5154e-03 1.0581e+01 1.1369e-13
   240 5.1859e-04 5.3314e+01    2.5417e-03 1.0878e+01 4.2633e-14
   192 2.6894e-04 5.2635e+01    1.3087e-03 1.0817e+01 2.8422e-14
   144 1.1786e-04 5.0669e+01    5.4762e-04 1.0905e+01 2.8422e-14
    96 4.1584e-05 4.2552e+01    1.6028e-04 1.1040e+01 1.4211e-14
    48 7.6660e-06 2.8853e+01    1.6380e-05 1.3503e+01 7.1054e-15
];

% Maximum difference between reference and your implementation: 3.552714e-13.
