% number of repeats:% 3
% enter first, last, inc:% 48 480 48 
data = [
%  n          reference      |         current implementation 
%        time       GFLOPS   |    time       GFLOPS     diff 
   480 4.0989e-03 5.3962e+01    2.1299e-02 1.0384e+01 3.5527e-13
   432 2.9581e-03 5.4508e+01    1.5417e-02 1.0459e+01 3.1264e-13
   384 2.1128e-03 5.3600e+01    1.0965e-02 1.0328e+01 1.9895e-13
   336 1.4292e-03 5.3084e+01    7.1988e-03 1.0539e+01 1.7053e-13
   288 9.0798e-04 5.2618e+01    4.5048e-03 1.0606e+01 1.1369e-13
   240 5.1701e-04 5.3477e+01    2.5552e-03 1.0820e+01 4.2633e-14
   192 2.6815e-04 5.2791e+01    1.2922e-03 1.0955e+01 2.8422e-14
   144 1.1737e-04 5.0883e+01    5.4014e-04 1.1056e+01 2.8422e-14
    96 3.9404e-05 4.4906e+01    1.6278e-04 1.0870e+01 1.4211e-14
    48 7.5790e-06 2.9184e+01    1.8333e-05 1.2065e+01 7.1054e-15
];

% Maximum difference between reference and your implementation: 3.552714e-13.
