% number of repeats:% 3
% enter first, last, inc:% 48 480 48 
data = [
%  n          reference      |         current implementation 
%        time       GFLOPS   |    time       GFLOPS     diff 
   480 4.0671e-03 5.4384e+01    1.8393e-01 1.2026e+00 3.5527e-13
   432 2.9715e-03 5.4263e+01    1.0613e-01 1.5193e+00 3.1264e-13
   384 2.1120e-03 5.3620e+01    1.3350e-01 8.4832e-01 1.9895e-13
   336 1.4298e-03 5.3060e+01    4.4209e-02 1.7161e+00 1.7053e-13
   288 9.0264e-04 5.2929e+01    3.7885e-02 1.2611e+00 1.1369e-13
   240 5.1870e-04 5.3302e+01    1.3139e-02 2.1043e+00 4.2633e-14
   192 2.6902e-04 5.2619e+01    1.4638e-02 9.6707e-01 2.8422e-14
   144 1.1792e-04 5.0643e+01    1.6166e-03 3.6941e+00 2.8422e-14
    96 3.9143e-05 4.5205e+01    4.8783e-04 3.6272e+00 1.4211e-14
    48 7.4680e-06 2.9618e+01    4.7207e-05 4.6854e+00 7.1054e-15
];

% Maximum difference between reference and your implementation: 3.552714e-13.
