% number of repeats:% 3
% enter first, last, inc:% 48 480 48 
data = [
%  n          reference      |         current implementation 
%        time       GFLOPS   |    time       GFLOPS     diff 
   480 4.0991e-03 5.3959e+01    8.8061e-02 2.5117e+00 3.5527e-13
   432 2.9456e-03 5.4741e+01    5.7849e-02 2.7873e+00 3.1264e-13
   384 2.1094e-03 5.3688e+01    4.2151e-02 2.6867e+00 1.9895e-13
   336 1.4148e-03 5.3623e+01    2.3775e-02 3.1911e+00 1.7053e-13
   288 8.9892e-04 5.3148e+01    1.7298e-02 2.7620e+00 1.1369e-13
   240 5.1763e-04 5.3413e+01    8.5148e-03 3.2471e+00 4.2633e-14
   192 2.6784e-04 5.2851e+01    4.7340e-03 2.9903e+00 2.8422e-14
   144 1.1781e-04 5.0694e+01    1.7293e-03 3.4533e+00 2.8422e-14
    96 4.9350e-05 3.5856e+01    5.4322e-04 3.2574e+00 1.4211e-14
    48 7.4790e-06 2.9574e+01    7.7515e-05 2.8534e+00 7.1054e-15
];

% Maximum difference between reference and your implementation: 3.552714e-13.
