% number of repeats:% 3
% enter first, last, inc:% 48 480 48 
data = [
%  n          reference      |         current implementation 
%        time       GFLOPS   |    time       GFLOPS     diff 
   480 4.2113e-03 5.2522e+01    1.7730e-01 1.2475e+00 3.5527e-13
   432 2.9587e-03 5.4498e+01    1.0786e-01 1.4949e+00 3.1264e-13
   384 2.0961e-03 5.4028e+01    1.3399e-01 8.4518e-01 1.9895e-13
   336 1.4315e-03 5.2997e+01    4.4978e-02 1.6867e+00 1.7053e-13
   288 9.1104e-04 5.2441e+01    3.6988e-02 1.2916e+00 1.1369e-13
   240 5.1934e-04 5.3236e+01    1.3466e-02 2.0532e+00 4.2633e-14
   192 2.6963e-04 5.2500e+01    1.4544e-02 9.7333e-01 2.8422e-14
   144 1.1890e-04 5.0229e+01    1.7695e-03 3.3750e+00 2.8422e-14
    96 4.5824e-05 3.8615e+01    5.4657e-04 3.2374e+00 1.4211e-14
    48 7.5820e-06 2.9172e+01    4.8026e-05 4.6055e+00 7.1054e-15
];

% Maximum difference between reference and your implementation: 3.552714e-13.
